#Insight Transform File V1.0
#Transform 0
Transform: MatrixOffsetTransformBase_double_3_3
Parameters: 0.9999998404671727 -0.0001495855683953612 0.00037320894631723256 0.0001494772430687076 0.9999992050581682 0.0009633259949983208 -0.00037272383710036726 -0.0009644649154440521 0.9999997733596906 -0.05104378493120976 -0.3718426736840357 -0.5324583233403644
FixedParameters: 0 0 0
#Transform 1
Transform: MatrixOffsetTransformBase_double_3_3
Parameters: 0.9999997764157249 -0.0004014416101747046 0.0002532349127782258 0.00040167380362328984 0.9999993114623329 0.0007209043130825266 -0.00025301180278638753 -0.0007207070002672178 0.9999994223600319 -0.05612626509235952 -0.3473280575209259 -0.5223828071180634
FixedParameters: 0 0 0
#Transform 2
Transform: MatrixOffsetTransformBase_double_3_3
Parameters: 0.9999997602109909 -0.00045552446036986073 0.00017968558010525654 0.00045537222397194527 0.9999996135366584 0.0004232063065774949 -0.00018007101412990598 -0.0004230424866575877 0.9999997886047021 -0.05424489651952058 -0.40302113962866315 -0.5685669031621359
FixedParameters: 0 0 0
#Transform 3
Transform: MatrixOffsetTransformBase_double_3_3
Parameters: 0.9999997748657948 -0.00040360113495525613 0.00024948098614923394 0.0004033905013695492 0.9999996592532061 0.0004219325304456456 -0.00024982141427629155 -0.00042173109450421853 0.9999997597273242 -0.056344776145351716 -0.37772671689455706 -0.5448941961604845
FixedParameters: 0 0 0
#Transform 4
Transform: MatrixOffsetTransformBase_double_3_3
Parameters: 0.9999997763985886 -0.00037256641407456496 0.000291197715383116 0.0003723210486728584 0.9999996839989791 0.00042116772835276706 -0.00029151137168647017 -0.00042095073241599223 0.9999997378167544 -0.06785166110002194 -0.38557084837043476 -0.54546740499093
FixedParameters: 0 0 0
#Transform 5
Transform: MatrixOffsetTransformBase_double_3_3
Parameters: 0.9999999066105109 -0.00008283353555317476 0.00029415697028165847 0.0000824935106178593 0.9999996592369302 0.0005778962093309636 -0.000294252519404856 -0.0005778476115012587 0.9999995795009244 -0.06577070399558238 0.03618881205808577 -0.0026124402020997195
FixedParameters: 0 0 0
#Transform 6
Transform: MatrixOffsetTransformBase_double_3_3
Parameters: 0.9999999314691119 0.000004160268875614496 0.0002617512607147709 -0.000004423916906885631 0.999999746340255 0.0005036324323640651 -0.0002617469465708757 -0.0005036347160797261 0.9999996778348412 -0.054296881645441886 0.07089428359346073 -0.1316782062564812
FixedParameters: 0 0 0
#Transform 7
Transform: MatrixOffsetTransformBase_double_3_3
Parameters: 0.9999999429362297 0.0001500178480620903 0.00018589888542790904 -0.0001499596290810473 0.9999999529945423 -0.0001565757577658422 -0.0001859458515779441 0.00015651999681604023 0.9999999409272415 -0.05223484340211826 0.1474007573067979 -0.2296960050862964
FixedParameters: 0 0 0
#Transform 8
Transform: MatrixOffsetTransformBase_double_3_3
Parameters: 0.999999855814761 -0.00020483468156048674 0.0003197316457501879 0.00020509464893430957 0.9999997926185274 -0.0004065869690566548 -0.00031956496123747963 0.0004067180325970088 0.9999997324629035 -0.001336450160692948 0.17981243847144412 -0.10355317857870716
FixedParameters: 0 0 0
#Transform 9
Transform: MatrixOffsetTransformBase_double_3_3
Parameters: 0.9999995890227861 -0.0002223966096849149 0.000601263099714946 0.00022328647566232187 0.9999994024349526 -0.0007400672146415377 -0.0006009332293816937 0.0007403351692365501 0.9999990907901009 -0.01445917238089578 0.08429521533687989 0.0702624919701833
FixedParameters: 0 0 0
#Transform 10
Transform: MatrixOffsetTransformBase_double_3_3
Parameters: 0.9999997025163306 0.00004500372389056452 0.0005435609577691305 -0.000044765196063966057 0.9999999498460803 -0.00021942565463933805 -0.000543580672836737 0.00021937687541628836 0.999999656395828 -0.03202939284801687 0.004170439652895652 0.1248365230686801
FixedParameters: 0 0 0
#Transform 11
Transform: MatrixOffsetTransformBase_double_3_3
Parameters: 0.9999998177712744 0.00031135966567593125 -0.0002920332492208366 -0.0003114084556129545 0.9999998960576213 -0.00008346544724241456 0.0002919812270343659 0.00008364730579391022 0.9999999077511758 0.0028098998540286857 -0.06117650202381242 -0.051422060094779454
FixedParameters: 0 0 0
#Transform 12
Transform: MatrixOffsetTransformBase_double_3_3
Parameters: 0.999999948765445 0.00014854543085881448 -0.0001707881228135825 -0.00014857408643393169 0.9999999708885343 -0.0000838832962399838 0.0001707631997401272 0.0000839340429647506 0.9999999637960283 -0.0008305133820130095 0.018861753659010105 -0.17362044096709894
FixedParameters: 0 0 0
#Transform 13
Transform: MatrixOffsetTransformBase_double_3_3
Parameters: 0.9999999458918868 -0.00009142980604273719 0.00021439946800351625 0.00009205964869134068 0.9999990054217776 -0.0014092270488357261 -0.00021415585632941357 0.001409266664258113 0.9999989680666017 -0.0033538405121902315 0.15688329884294205 -0.14597217857277656
FixedParameters: 0 0 0
#Transform 14
Transform: MatrixOffsetTransformBase_double_3_3
Parameters: 0.9999998313716325 -0.00018671459045365877 0.00036574084387327966 0.0001870264131096286 0.9999997832694232 -0.0004263177180982569 -0.0003655815016947721 0.0004264544124834013 0.99999968449119 -0.007888560044790438 0.16331066512361758 0.10660838774764159
FixedParameters: 0 0 0
#Transform 15
Transform: MatrixOffsetTransformBase_double_3_3
Parameters: 0.9999999826836868 0.00013113966238454886 -0.000010889744927741708 -0.00013113589981808668 0.9999999531590821 0.00017218097951932076 0.000010934905404356944 -0.00017217813022751827 0.999999970233236 -0.003607832905657915 -0.05919813845771671 0.08520999888052927
FixedParameters: 0 0 0
#Transform 16
Transform: MatrixOffsetTransformBase_double_3_3
Parameters: 0.9999999539540417 -0.000013784640938214804 -0.00021413973199822822 0.000013556706816110703 0.9999997165882089 -0.0005321861035368358 0.00021415428987602947 0.0005321802874237447 0.9999996709279668 0.0033261276112313 -0.13204210486540546 -0.11582189501724827
FixedParameters: 0 0 0
#Transform 17
Transform: MatrixOffsetTransformBase_double_3_3
Parameters: 0.9999999167500636 0.00003659513572492365 -0.00031175055494127193 -0.00003640424322772233 0.9999994974141722 -0.001005977881938902 0.00031105431942659244 0.0010057279709725364 1.0000003657510599 0.009945184285854225 0.21050586781771585 -0.15779262395298588
FixedParameters: 0 0 0
#Transform 18
Transform: MatrixOffsetTransformBase_double_3_3
Parameters: 0.9999999165548467 0.0000402203935204507 0.00028605523393199824 -0.00003980952386620695 0.9999994827445934 -0.0007180964059501083 -0.0002861127129116527 0.0007180735636706514 0.999999402517278 -0.0067761566665893724 0.16824377333678342 -0.04231646379705012
FixedParameters: 0 0 0
#Transform 19
Transform: MatrixOffsetTransformBase_double_3_3
Parameters: 0.9999999696905129 -0.00012929473477084385 -0.00011658644002312114 0.00012915762960801955 0.9999996380346932 -0.0005876026668417689 0.00011673830586056595 0.0005875725583432967 0.9999996411370761 -0.0071219229841972265 0.09217754976000947 0.15188017555169608
FixedParameters: 0 0 0
#Transform 20
Transform: MatrixOffsetTransformBase_double_3_3
Parameters: 0.9999999572296279 -0.0000883367567741202 0.00018699510483404327 0.0000884331544382137 0.9999999257297605 -0.00025777296382206716 -0.00018694954345270455 0.0002578060340678312 0.999999898588636 -0.005588911302211841 -0.013214575230961145 0.01027689458018699
FixedParameters: 0 0 0
#Transform 21
Transform: MatrixOffsetTransformBase_double_3_3
Parameters: 0.9999999208902745 -0.0000800547275469389 0.00026963156556507133 0.00008055448301436227 0.9999991342227454 -0.0009269720424000538 -0.00026948269324789434 0.0009270154042254619 0.9999990680307421 0.002185738469563603 -0.06139321599347625 -0.12184150070945066
FixedParameters: 0 0 0
#Transform 22
Transform: MatrixOffsetTransformBase_double_3_3
Parameters: 0.9999999334822004 -0.00004886494789092767 0.0002494476438937509 0.00004874894467601031 0.999999078016482 -0.0009629623090456896 -0.0002501556679296508 0.000962992686211972 0.9999990042827389 -0.004106183597002655 0.20875838864103002 -0.09931801535557838
FixedParameters: 0 0 0
#Transform 23
Transform: MatrixOffsetTransformBase_double_3_3
Parameters: 0.999999746975541 -0.00017685375446200723 0.0004531127272683899 0.00017615868949091926 0.9999993837990181 -0.0007765588701361681 -0.0004530436203578807 0.0007767110571187397 0.9999991900332701 -0.009025985408342763 0.2084901626025868 0.031691141027209824
FixedParameters: 0 0 0
#Transform 24
Transform: MatrixOffsetTransformBase_double_3_3
Parameters: 0.9999998019068491 -0.0004297917495856515 0.00011563993796677398 0.0004298223174451258 0.9999997977616858 -0.00013224684890028593 -0.00011552622305715057 0.00013234621583751993 0.9999999691395585 0.00035831520382600957 0.00889767988152812 -0.045671336082335756
FixedParameters: 0 0 0
#Transform 25
Transform: MatrixOffsetTransformBase_double_3_3
Parameters: 0.9999999702854165 -0.00009050579681471865 -0.00014670812227464132 0.0000903142617201271 0.9999995660685609 -0.0006525084753503663 0.00014682611040411995 0.000652481984803055 0.9999995527164378 0.0024106916352621965 -0.11123164894085846 -0.08560764014532651
FixedParameters: 0 0 0
#Transform 26
Transform: MatrixOffsetTransformBase_double_3_3
Parameters: 0.9999999715105368 0.00009186771867042355 -0.0001424005482450572 -0.00009213266180608452 0.9999999469550613 -0.0010219470871168923 0.00014219755204471609 0.001021973538996912 0.9999999353043469 0.0032670511787102896 0.06476654460749387 -0.1523071783658736
FixedParameters: 0 0 0
#Transform 27
Transform: MatrixOffsetTransformBase_double_3_3
Parameters: 0.9999997463685167 -0.00010465625810110978 0.0004907103301291754 0.00010502067906523042 0.9999995898947946 -0.0009632735319040076 -0.0004913362482228108 0.000963096029715782 1.0000003040997019 -0.00944530015509315 0.25025946083435713 -0.07250967208332781
FixedParameters: 0 0 0
#Transform 28
Transform: MatrixOffsetTransformBase_double_3_3
Parameters: 0.9999998898482033 -0.00008336140600357159 0.00032125210232925613 0.00008345556404336786 0.999999971563415 -0.00014652669327436252 -0.0003212276675486148 0.00014658029263753258 0.9999998753284162 -0.007128016897027578 0.1562756979312354 0.0769047325105987
FixedParameters: 0 0 0
#Transform 29
Transform: MatrixOffsetTransformBase_double_3_3
Parameters: 0.9999998545509295 -0.0002784224976444432 0.0002606345056312431 0.0002784309841266444 0.9999999222126036 -0.000016222328280079967 -0.0002606254444011155 0.000016367462588207093 0.9999999318065097 -0.005872459260430674 0.014326452413271795 0.11712401664294703
FixedParameters: 0 0 0
#Transform 30
Transform: MatrixOffsetTransformBase_double_3_3
Parameters: 0.9999998682087771 -0.00006927058503238665 0.0003563608456643465 0.00006949374838536508 0.999999897131158 -0.00031310692376051996 -0.00035631740825430654 0.0003131563942936899 0.9999997749741711 -0.009372034067922641 -0.020437452332217276 -0.07480783624318121
FixedParameters: 0 0 0
#Transform 31
Transform: MatrixOffsetTransformBase_double_3_3
Parameters: 0.9999999821623697 -0.000052281106969832456 0.00012290008419741424 0.000052508701374481 0.999999139208066 -0.0009262957127602611 -0.00012280302294362432 0.0009263086545994725 0.9999991268810993 -0.0016565113593713932 0.08001449870627653 -0.17621747544453115
FixedParameters: 0 0 0
#Transform 32
Transform: MatrixOffsetTransformBase_double_3_3
Parameters: 0.9999999624557383 0.00016281154947298568 -0.00010614168784665846 -0.00016302360250899798 0.9999997122105231 -0.0011229554142880849 0.00010576082797986446 0.001122990213162478 0.9999997276634329 0.003975722394784498 0.18027302401631573 -0.24436616446055837
FixedParameters: 0 0 0
#Transform 33
Transform: MatrixOffsetTransformBase_double_3_3
Parameters: 0.9999999454039545 -0.00019338080273810228 0.0001311493267267018 0.0001936189979736163 0.9999991356296659 -0.0009093245065011635 -0.00013079741588634553 0.0009093752602943872 0.9999991559379343 -0.005023442234772801 0.24181469286921242 -0.038085932726474425
FixedParameters: 0 0 0
#Transform 34
Transform: MatrixOffsetTransformBase_double_3_3
Parameters: 0.9999997619011355 -0.0003586800720341086 0.00033082911673873276 0.0003585818477075996 0.9999998493585567 0.00014853216787480417 -0.0003309355840874031 -0.00014829484892947553 0.9999998684884434 -0.0179118542298653 0.09893880270800537 0.11446661816756887
FixedParameters: 0 0 0
#Transform 35
Transform: MatrixOffsetTransformBase_double_3_3
Parameters: 0.9999999448201438 -0.0001930513139724191 0.00013383304115096987 0.00019308698230012392 0.9999999449527769 -0.00013327794089151856 -0.00013378157459730238 0.00013332961904627405 0.9999999643270904 -0.02801504769306007 0.025404448305692995 0.1198320794485852
FixedParameters: 0 0 0
#Transform 36
Transform: MatrixOffsetTransformBase_double_3_3
Parameters: 0.9999999411343214 0.00024215880539639554 -0.000014985967726687107 -0.00024214559301167582 0.9999997500198354 0.0004374364011178744 0.000015197821970103307 -0.0004374291243601225 0.9999998084199688 -0.034242583990149456 0.02175391764261292 0.04623383701981254
FixedParameters: 0 0 0
#Transform 37
Transform: MatrixOffsetTransformBase_double_3_3
Parameters: 0.9999999325332688 0.00006656793473611784 -0.0002510681821762449 -0.0000663546018545313 0.9999998151302114 0.00042481940856997635 0.0002511246583508078 -0.00042478606366969096 0.9999997564886431 -0.003654070472123294 -0.03143210144743591 -0.13005406397945762
FixedParameters: 0 0 0
#Transform 38
Transform: MatrixOffsetTransformBase_double_3_3
Parameters: 0.9999999433376763 0.00009288357567996874 -0.0002196912766783696 -0.00009331615530153419 0.9999999012810786 -0.0010439492430580621 0.00021948193748144154 0.0010439904003988754 0.9999998618651533 0.06319248772821595 0.09900208629618135 -0.18454213260193342
FixedParameters: 0 0 0
#Transform 39
Transform: MatrixOffsetTransformBase_double_3_3
Parameters: 0.9999999226544976 0.00005329934849739612 -0.00027337477945777594 -0.00005397801297307345 0.9999993354049832 -0.0012889909270888955 0.00027322154728739805 0.0012890205341687944 0.9999992637303436 0.001962390110548995 0.2363295249831623 -0.0983249116540037
FixedParameters: 0 0 0
#Transform 40
Transform: MatrixOffsetTransformBase_double_3_3
Parameters: 0.9999999289090122 0.00006160984817838008 -0.0002594128061319384 -0.00006172197453983017 0.9999999494847915 -0.00021610941231614555 0.0002593861610073699 0.0002161414201684031 0.9999998860042245 -0.012695257128555681 0.16800739375183582 0.13244960772343006
FixedParameters: 0 0 0
#Transform 41
Transform: MatrixOffsetTransformBase_double_3_3
Parameters: 0.9999999277170242 0.00006002968034577003 -0.0002620671713254282 -0.000060249850241280226 0.999999819892478 -0.0004200867386477958 0.0002620166515097278 0.00042011828756666203 0.9999997548526218 -0.014769932472518121 -0.009282478190215215 0.10191571434889113
FixedParameters: 0 0 0
#Transform 42
Transform: MatrixOffsetTransformBase_double_3_3
Parameters: 0.9999999293252687 0.00006216729595754863 -0.00025847581740814376 -0.00006224180405497298 0.9999999753545994 -0.00014411740109254723 0.00025845789594137374 0.00014414956706942927 0.999999912422149 -0.014045153895935414 -0.0746232214164877 -0.10127344267084482
FixedParameters: 0 0 0
#Transform 43
Transform: MatrixOffsetTransformBase_double_3_3
Parameters: 0.999999979716479 0.0000630924871077793 -0.00012768214785971064 -0.00006307073033431291 0.999999988764094 0.00008519963083175597 0.00012769290135559216 -0.00008518352776931692 0.9999999764374292 -0.01705300139455801 -0.06504039261362493 -0.12405025335978337
FixedParameters: 0 0 0
#Transform 44
Transform: MatrixOffsetTransformBase_double_3_3
Parameters: 0.99999992239045 0.000052972936231149444 -0.00027392062015838903 -0.00005367600339610079 0.999999225410243 -0.0013309861474889995 0.0002737637192506135 0.0013310156439304555 0.9999991534052615 -0.007222079631773681 0.21601546862616772 -0.1987432890749119
FixedParameters: 0 0 0
#Transform 45
Transform: MatrixOffsetTransformBase_double_3_3
Parameters: 0.9999999961324528 0.00005546653975180781 -0.000028123790129352478 -0.0000554757074034953 0.9999999703296953 -0.0001630674802597376 0.000028105700387694296 0.00016307061130621525 0.9999999726198546 -0.030129852053377704 0.25166689694356137 0.02635797465052292
FixedParameters: 0 0 0
#Transform 46
Transform: MatrixOffsetTransformBase_double_3_3
Parameters: 0.9999998295000647 0.0003778165369133558 0.00016659639261540652 -0.0003778878031105784 0.9999998114171375 0.0002139773184707261 -0.00016643464322249374 -0.0002141031708154939 0.999999926456892 -0.05753650671738342 0.06782182324162989 0.1056266856310657
FixedParameters: 0 0 0
#Transform 47
Transform: MatrixOffsetTransformBase_double_3_3
Parameters: 0.9999996066328333 0.0006243026549594777 0.00006038029595408444 -0.0006243098569001548 1.0000000681472148 0.00014517049270573734 -0.00006018828080512186 -0.00014495913030465601 0.9999994963477119 -0.047677655532353924 -0.05300603061404274 -0.07548651535027773
FixedParameters: 0 0 0
#Transform 48
Transform: MatrixOffsetTransformBase_double_3_3
Parameters: 0.9999997537200218 0.0004020844483140591 0.0002912694817200224 -0.000401385824498909 0.9999995092183507 -0.0011530309315627152 -0.0002922107820181152 0.0011527968052358895 0.9999995856339274 0.01965103599290785 -0.02845306713778939 -0.09622206724914406
FixedParameters: 0 0 0
#Transform 49
Transform: MatrixOffsetTransformBase_double_3_3
Parameters: 0.9999998860036946 0.0003307955711468419 0.00006760436281240834 -0.00033073045075573287 0.9999996598009795 -0.00048042819636145984 -0.00006792216311577869 0.0004803834043685118 0.9999997646235637 0.03879309871102521 0.06002034073266316 -0.13524603248478684
FixedParameters: 0 0 0
#Transform 50
Transform: MatrixOffsetTransformBase_double_3_3
Parameters: 0.999999521051902 -0.00035708709466496236 0.0005928214796668133 0.0003568202638975675 0.9999998219541997 0.00022522707594591074 -0.00059298214543412 -0.00022480381459533127 0.9999995978324596 0.026889153438403923 0.23223415822720028 -0.12246672337192877
FixedParameters: 0 0 0
#Transform 51
Transform: MatrixOffsetTransformBase_double_3_3
Parameters: 0.9999997931133502 0.00045389141442545304 -0.00003324175772547616 -0.0004539284085873464 0.9999998739559312 -0.0009590639984478067 0.00003235613157777611 0.0009590940380327928 1.0000000790471368 -0.020337111283041054 0.1775794848644381 -0.12289446629202416
FixedParameters: 0 0 0
#Transform 52
Transform: MatrixOffsetTransformBase_double_3_3
Parameters: 0.9999994497146449 -0.0004127054753557198 0.0006149393501272238 0.0004131876797899088 0.9999992506611515 -0.0008668392398357705 -0.0006150544017072455 0.0008661086796465378 0.999999700578531 -0.03255331348066193 0.01615586430952476 0.11273161017690825
FixedParameters: 0 0 0
#Transform 53
Transform: MatrixOffsetTransformBase_double_3_3
Parameters: 0.9999998618820108 0.00037006271627360054 0.00003422385694179823 -0.00037001454524677774 0.9999993754510568 -0.0006983053684239127 -0.000034740645550182655 0.0006982799000309625 0.9999995112057161 -0.02459068652417784 0.012033865205523853 0.05489555680466651
FixedParameters: 0 0 0
#Transform 54
Transform: MatrixOffsetTransformBase_double_3_3
Parameters: 0.999999613236777 -0.0002908115426337875 0.0005365272750229915 0.0002901768212850908 0.9999994197316148 -0.00016528512865388034 -0.0005358451687547856 0.00016529627932115876 1.000000168625372 -0.028864911590062547 0.15636290116873397 0.029276396553129302
FixedParameters: 0 0 0
#Transform 55
Transform: MatrixOffsetTransformBase_double_3_3
Parameters: 0.9999997845422408 0.000463290908761897 -0.000028615565667205415 -0.00046331064756610944 0.9999996648453593 -0.0003471229317255631 0.00002829391452702744 0.00034714932316909364 0.9999998786906259 -0.039133578166669736 0.1300139314629405 0.03988929087323356
FixedParameters: 0 0 0
#Transform 56
Transform: MatrixOffsetTransformBase_double_3_3
Parameters: 0.9999996639192447 -0.0002041039746695215 0.0005426073028966174 0.00020423366575146834 0.9999999440299601 -0.00011940335780907807 -0.0005425585230194069 0.00011962492427247673 0.999999691321041 -0.03789415661884732 0.07103275007578702 0.10651490690715093
FixedParameters: 0 0 0
#Transform 57
Transform: MatrixOffsetTransformBase_double_3_3
Parameters: 0.9999995408758249 0.0006560661297847338 -0.0001694124053043917 -0.0006561337314299107 0.9999995296357975 -0.00019962676269263957 0.00016915032246873516 0.00019984890794672028 0.9999999314508756 -0.03505916971791123 0.05885883795463087 0.02232487058967081
FixedParameters: 0 0 0
#Transform 58
Transform: MatrixOffsetTransformBase_double_3_3
Parameters: 0.99999977732564 -0.00006940903848224743 0.000466751558417196 0.00007012365720116725 0.999999408967529 -0.000765575785172945 -0.0004666447494702591 0.0007656409615973137 0.9999991960441392 -0.04150490761075787 -0.006775292485343698 -0.05248546703840873
FixedParameters: 0 0 0
#Transform 59
Transform: MatrixOffsetTransformBase_double_3_3
Parameters: 0.9999996906927845 -0.00005621800502196572 0.000540253094737772 0.00005658214605569543 0.999999892546197 -0.00105566678018576 -0.0005395520162406271 0.0010557142184862145 0.9999995984461563 -0.04648402071795488 0.14483011247888555 -0.10878586045907923
FixedParameters: 0 0 0
#Transform 60
Transform: MatrixOffsetTransformBase_double_3_3
Parameters: 0.9999993848698144 0.00015133268529895095 0.0007711501486626603 -0.00015145990104123278 0.9999997485078584 0.00046981729876510725 -0.0007702058682463808 -0.00047005661052973435 0.9999991912092434 -0.05056668298361444 0.05958827762783869 -0.03454969041685274
FixedParameters: 0 0 0
#Transform 61
Transform: MatrixOffsetTransformBase_double_3_3
Parameters: 0.9999995273005989 0.0001696527030968125 0.0006662452736937823 -0.00016899068234786088 0.9999992379039555 -0.0005047101335557969 -0.0006664270076932131 0.0005041978755487286 0.999999780499996 -0.052089790153644344 -0.040172310517917253 -0.1548208021469435
FixedParameters: 0 0 0
#Transform 62
Transform: MatrixOffsetTransformBase_double_3_3
Parameters: 0.9999998768121598 -0.00004687989472393155 0.0003449311646096158 0.00004676195699964813 0.9999990243309691 -0.0007088256855733444 -0.0003456777087878118 0.0007085773499760362 0.999999851486941 -0.04231775080727118 0.03146754873590396 -0.12340757617641884
FixedParameters: 0 0 0
#Transform 63
Transform: MatrixOffsetTransformBase_double_3_3
Parameters: 0.999999461205456 0.0002000322094338695 0.0007062196956098415 -0.00019963963044295537 0.9999993997907295 -0.0002854598223194227 -0.0007063445769900254 0.00028489091739214434 0.9999998988160411 -0.06249569571903635 0.15784767097493102 -0.04610801877747406
FixedParameters: 0 0 0
#Transform 64
Transform: MatrixOffsetTransformBase_double_3_3
Parameters: 1.000000225949553 0.00009940413672020264 0.0008658823982047727 -0.00009837910311338393 0.9999998874209434 -0.0010551642889226054 -0.0008654941268774951 0.0010549794139229074 0.9999991418858758 -0.05140716828586278 0.10667036429742893 -0.10658364578230817
FixedParameters: 0 0 0
#Transform 65
Transform: MatrixOffsetTransformBase_double_3_3
Parameters: 0.9999996708259502 -0.0002575783452666953 0.0011164966915585047 0.00025945983062393755 0.99999946668759 -0.0014588823983053278 -0.0011159653194833447 0.0014584940045097028 0.9999979813318041 -0.04967845345153421 -0.03180196117473599 0.03172968853979796
FixedParameters: 0 0 0
#Transform 66
Transform: MatrixOffsetTransformBase_double_3_3
Parameters: 0.9999996024579234 0.00015683420603592596 0.0011716407474080658 -0.00015592208798020707 1.0000001728439285 -0.00039909589496434084 -0.001171747956648558 0.0003996872941904872 0.9999991110270867 -0.05958170049802902 0.05611368364131408 -0.015688711203722505
FixedParameters: 0 0 0
#Transform 67
Transform: MatrixOffsetTransformBase_double_3_3
Parameters: 0.9999997309740614 -0.000029715514447079157 0.0005178254253647198 0.000029676662582760324 0.9999999977108681 0.00003753418518909202 -0.0005178276729947433 -0.00003750343264330436 0.9999997304472171 -0.027621966320836577 -0.05919704600565012 -0.1586890813461821
FixedParameters: 0 0 0
#Transform 68
Transform: MatrixOffsetTransformBase_double_3_3
Parameters: 0.9999991039190349 0.000019435979757131483 0.0009450949217209726 -0.000018386789207411455 0.9999996080103954 -0.0008690217931779376 -0.0009459270724202404 0.0008699500347422728 0.9999989873595616 -0.025440417160027096 0.051179709889780156 -0.14573540921963968
FixedParameters: 0 0 0
#Transform 69
Transform: MatrixOffsetTransformBase_double_3_3
Parameters: 0.9999991429347982 -0.00021941910162144931 0.0008903142706976964 0.00021980879920935423 0.9999999896161179 -0.0009898079861182518 -0.0008900994673880465 0.0009901914447955074 0.9999992258535286 -0.009275956958262555 0.2248095351562256 -0.06902174906916514
FixedParameters: 0 0 0
#Transform 70
Transform: MatrixOffsetTransformBase_double_3_3
Parameters: 0.9999994292011486 -0.00041505714786162456 0.0006312897833289691 0.0004151077376322789 0.9999998260995744 -0.000039814207886901265 -0.0006312565411912292 0.000040338272715101375 0.9999995998879325 -0.009682431322218576 0.12037955619845775 0.1068039620204928
FixedParameters: 0 0 0
#Transform 71
Transform: MatrixOffsetTransformBase_double_3_3
Parameters: 0.9999998254555353 -0.0000849376575323029 0.0010737514734287684 0.00008464251500856705 0.9999994605100799 -0.0002528577364699358 -0.0010731075865251412 0.00025273921454416204 0.9999992673405627 -0.025096070356411815 0.06361723519857776 0.14758684752624163
FixedParameters: 0 0 0
#Transform 72
Transform: MatrixOffsetTransformBase_double_3_3
Parameters: 0.9999992835799969 -0.000002952389960039813 0.001316521633953191 0.0000018935329319659088 0.9999996388317028 0.0009294342148235546 -0.0013163320306950935 -0.0009297067354518407 0.9999988834135649 -0.02933162801421929 -0.019993959500837377 0.10681984660686794
FixedParameters: 0 0 0
#Transform 73
Transform: MatrixOffsetTransformBase_double_3_3
Parameters: 0.9999989786929211 0.00026813830755624025 0.0009669099104837836 -0.00026848264772621165 0.999999882437002 -0.00023682175669248462 -0.0009664399065535915 0.00023628930127994607 0.9999990140497093 -0.04687405761045227 -0.11894797916451694 -0.028779271074768076
FixedParameters: 0 0 0
#Transform 74
Transform: MatrixOffsetTransformBase_double_3_3
Parameters: 0.9999996189595549 -0.00014590961000742896 0.0005860509899257185 0.00014617579975760228 0.9999990403782923 -0.0013985721449945587 -0.0005858624838249165 0.0013987357788601829 0.9999986988465054 -0.02583592632177556 0.044788291615020626 0.01595338770935939
FixedParameters: 0 0 0
#Transform 75
Transform: MatrixOffsetTransformBase_double_3_3
Parameters: 0.9999996751532438 0.0002493642336943362 0.001123573838907392 -0.00025018051604549564 0.9999996943007121 0.0003481724233024286 -0.0011233931131871748 -0.00034806250002861194 0.9999997389731385 -0.04480073463152223 0.1515288249691622 0.01583992596103201
FixedParameters: 0 0 0
#Transform 76
Transform: MatrixOffsetTransformBase_double_3_3
Parameters: 0.9999993707257007 0.000005154152609690562 0.0007917325154622441 -0.000004885631734779768 0.9999992231033519 -0.0005530042639610433 -0.0007925509897718037 0.0005527156291517121 0.9999995398350131 -0.04337135071355647 -0.0024971625285559185 0.004150086941308473
FixedParameters: 0 0 0
#Transform 77
Transform: MatrixOffsetTransformBase_double_3_3
Parameters: 0.999999902746857 0.00003051297186569893 0.00028219623282248023 -0.000031354656555192956 0.9999994075184981 -0.0009825322118059976 -0.0002824593119739936 0.0009834650216050123 0.9999995958315708 -0.043793643033836815 -0.05042816936344252 -0.13135701775806297
FixedParameters: 0 0 0
#Transform 78
Transform: MatrixOffsetTransformBase_double_3_3
Parameters: 0.9999999246785308 0.00007777289088228161 0.0002631975066777145 -0.00007772024298300468 0.9999999839540024 -0.0001000226306141494 -0.00026321306522251835 0.00009998171152286739 0.9999999207234817 -0.05457499068228344 -0.0063020436647889255 -0.05641032587324446
FixedParameters: 0 0 0
#Transform 79
Transform: MatrixOffsetTransformBase_double_3_3
Parameters: 0.999999995389367 0.00005078803489962959 0.00004506875229312417 -0.000050796959364194294 0.99999998761087 0.00009904508392816203 -0.0000450586915795464 -0.00009904966899998424 0.9999999881577641 -0.04262480919383904 0.1503651094054277 0.06898147320418957
FixedParameters: 0 0 0
#Transform 80
Transform: MatrixOffsetTransformBase_double_3_3
Parameters: 0.999999953927078 0.00013841903910823431 0.00016405203416249947 -0.00013857839036411656 0.9999997447305357 0.0004858712421120792 -0.0001639174468364734 -0.0004859167011441734 0.9999997370105466 -0.05077139820720333 0.06412061271879566 0.06068148930434347
FixedParameters: 0 0 0
#Transform 81
Transform: MatrixOffsetTransformBase_double_3_3
Parameters: 0.9999999611085981 0.0001968157303949081 0.000012442378986389025 -0.00019680991215000987 0.9999999071315719 -0.00023266259142312729 -0.000012533958483752772 0.00023265769276076265 0.9999999457158474 -0.057420501095194254 -0.13871045618439837 -0.1039869666436033
FixedParameters: 0 0 0
#Transform 82
Transform: MatrixOffsetTransformBase_double_3_3
Parameters: 0.999999952696254 0.0001886676685059754 -0.00010926278538803277 -0.00018895936425565802 0.9999988408383136 -0.0014571429352784326 0.00010869756473011537 0.0014571843899643389 0.9999988647559773 -0.05291353737815996 0.06844121460287056 -0.18258374773182595
FixedParameters: 0 0 0
#Transform 83
Transform: MatrixOffsetTransformBase_double_3_3
Parameters: 0.9999999717754542 0.0001596806278323891 -0.000054361832604963006 -0.00015980786554084482 0.9999989730567532 -0.0014146433574572792 0.00005389490913312541 0.0014146609485578554 0.9999989957879454 -0.055810672651361415 0.21161502836702084 0.0895462040409285
FixedParameters: 0 0 0
#Transform 84
Transform: MatrixOffsetTransformBase_double_3_3
Parameters: 0.9999997963708839 0.0004436303583718127 -0.00008258793679695735 -0.00044355785819831083 0.9999996115582227 0.0004378392529349462 0.0000829763584893927 -0.00043776584207638747 0.9999998014712063 -0.04520502451866548 -0.035380040311324024 0.24825474915867574
FixedParameters: 0 0 0
#Transform 85
Transform: MatrixOffsetTransformBase_double_3_3
Parameters: 0.999999775620584 0.00043243264546850325 0.00019334200682549264 -0.0004323630891425493 0.9999997807166566 -0.00017984390775299675 -0.00019349746529022144 0.00017967665227330842 0.9999999302768915 -0.06220446468698526 -0.16809744883578048 -0.04275039866092811
FixedParameters: 0 0 0
#Transform 86
Transform: MatrixOffsetTransformBase_double_3_3
Parameters: 0.9999999852236146 -0.00009792570667290965 0.00006067949481398374 0.00009751009821238102 0.9999993693137459 -0.0012761928761500507 -0.00006124705840724579 0.001276211000402816 0.9999993615497736 -0.04770357327687691 0.09870474338408997 -0.16046231553411872
FixedParameters: 0 0 0
#Transform 87
Transform: MatrixOffsetTransformBase_double_3_3
Parameters: 0.9999996236535156 0.0003874836213309948 0.00047560775937751103 -0.0003867686650350717 0.9999992859076039 -0.0007513280970745106 -0.0004761893486467251 0.000750959686582009 0.9999992093106499 -0.07630845248269225 0.04934350770334106 0.03512245375057432
FixedParameters: 0 0 0
#Transform 88
Transform: MatrixOffsetTransformBase_double_3_3
Parameters: 0.9999998090211409 0.0002710915298027349 0.0003427654872598927 -0.00027117346038675084 0.9999999121975698 0.00011945255112011388 -0.0003427006714217329 -0.0001196384119692695 0.9999998682413744 -0.06180601550208564 0.05047558677635777 0.11985208057133434
FixedParameters: 0 0 0
#Transform 89
Transform: MatrixOffsetTransformBase_double_3_3
Parameters: 0.9999996357546274 0.0005770005425014687 0.0010081583561650969 -0.0005766052323690105 0.9999996679358873 -0.0006055519348778238 -0.0010082421070320108 0.0006053330027740444 0.9999992648501256 -0.07588936239453403 0.043054493552119766 -0.01833435134211925
FixedParameters: 0 0 0
#Transform 90
Transform: MatrixOffsetTransformBase_double_3_3
Parameters: 0.9999998389904337 0.00039644349908120324 0.000042843050867923897 -0.0003971091545863987 0.9999992126077835 0.000798550394150277 -0.000043011357575772294 -0.0007985785960289427 0.9999993544423463 -0.05019778647444184 -0.1408734742247475 -0.06278860550611398
FixedParameters: 0 0 0
#Transform 91
Transform: MatrixOffsetTransformBase_double_3_3
Parameters: 0.9999997594486734 0.0004025141329817689 0.0002524606908394095 -0.0004025779877567634 0.9999988644498503 -0.0014085512112613219 -0.0002530126064344588 0.0014083342974492985 0.9999989568387646 -0.0649703250114726 0.08343992601126615 -0.12268359510581206
FixedParameters: 0 0 0
#Transform 92
Transform: MatrixOffsetTransformBase_double_3_3
Parameters: 0.9999998617898064 0.0003476935382028697 0.00004703986415674705 -0.0003484102184833399 0.9999990732624777 -0.0009033368871883551 -0.000047071685620915385 0.0009032904629218685 0.9999991862867812 -0.049817961286208856 0.24127769013725242 0.025442061599548538
FixedParameters: 0 0 0
#Transform 93
Transform: MatrixOffsetTransformBase_double_3_3
Parameters: 0.9999996486230698 0.00007061976164368503 0.000601146645288548 -0.00007210285007889627 0.9999982093624098 0.0019428585027922995 -0.0006014962692201971 -0.0019429303446654722 0.9999978589682345 -0.08437456888628958 0.011322028675948559 0.2841942513086195
FixedParameters: 0 0 0
#Transform 94
Transform: MatrixOffsetTransformBase_double_3_3
Parameters: 0.9999999214923694 0.00022758060336805041 0.00016344601607118175 -0.00022775510204778022 0.9999996627600565 0.0005342035927379807 -0.00016320276012187504 -0.0005342779994655933 0.9999996879058388 -0.08099556571950473 -0.15913902432302507 0.18479007828042882
FixedParameters: 0 0 0
#Transform 95
Transform: MatrixOffsetTransformBase_double_3_3
Parameters: 0.9999999220910066 0.00021188894729705886 0.00013525683682922792 -0.00021223026755135834 0.9999983875433796 -0.0016055532257353011 -0.00013535575494251452 0.0016054824167620052 0.9999984084306974 -0.07758278972589494 -0.03208178044616261 -0.05251276470765731
FixedParameters: 0 0 0
#Transform 96
Transform: MatrixOffsetTransformBase_double_3_3
Parameters: 0.9999997149862708 0.00038173650124100305 0.00037017669100112855 -0.0003826228139615722 0.9999997092777042 0.0003902475585929599 -0.00037068031808332766 -0.0003905248055654509 0.9999997043763023 -0.08489758675463577 -0.031038773628836225 0.019226073943357846
FixedParameters: 0 0 0
#Transform 97
Transform: MatrixOffsetTransformBase_double_3_3
Parameters: 0.999999642520206 0.0003804866030068124 0.0004447632300350903 -0.0003806855271987293 0.9999994062805387 -0.0006778594732479992 -0.0004446820990305967 0.0006775072777688851 0.9999993474413491 -0.06809227473426915 -0.055324076443895365 -0.10220189699995785
FixedParameters: 0 0 0
#Transform 98
Transform: MatrixOffsetTransformBase_double_3_3
Parameters: 0.9999999183253788 0.0002555151557721391 0.00012800970053864803 -0.00025545095499269143 0.999999871926363 -0.0002506309708075194 -0.00012813774987997534 0.00025056554784747 0.9999999208002999 -0.053563923853502615 0.024412262368997517 -0.13408211316065888
FixedParameters: 0 0 0
#Transform 99
Transform: MatrixOffsetTransformBase_double_3_3
Parameters: 0.999999665336879 0.0004664742528966985 0.00031941445478149877 -0.0004668819867543897 0.9999994122777086 -0.0006168533149207844 -0.00031939308280424595 0.0006165415078240311 0.9999995221393998 -0.07505241949660046 0.07885074960057636 0.08136803405342619
FixedParameters: 0 0 0
#Transform 100
Transform: MatrixOffsetTransformBase_double_3_3
Parameters: 0.9999996380684549 0.0005881708753947663 0.0001348353118980725 -0.000587421130014785 0.9999993261649197 -0.0005662883315287748 -0.00013469892518642003 0.0005661240197965545 0.9999996672549076 -0.0748353279310976 0.05062108591508263 0.12302335067691672
FixedParameters: 0 0 0
#Transform 101
Transform: MatrixOffsetTransformBase_double_3_3
Parameters: 0.9999996337881155 0.0005975687800365843 0.0000834502408359097 -0.0005982071286422187 0.9999995895211514 0.0002464235109503887 -0.00008395752700898892 -0.00024651769833389237 0.9999999262427702 -0.07854363860911917 -0.04729169542106604 0.24552810794101276
FixedParameters: 0 0 0
#Transform 102
Transform: MatrixOffsetTransformBase_double_3_3
Parameters: 0.9999997621572358 0.00048634967670739267 -0.000036142501456299086 -0.00048633807959266363 0.9999997379201384 0.00015986624784725123 0.0000362979911162208 -0.00015983102891437007 0.9999999731347651 -0.05631756992934811 -0.12690246914495162 0.25747622503608625
FixedParameters: 0 0 0
#Transform 103
Transform: MatrixOffsetTransformBase_double_3_3
Parameters: 0.999999790006294 0.00034021172061708487 -0.0003070002969425027 -0.00034065445333259295 0.9999993633133628 -0.0007215490917351075 0.00030650896149208564 0.0007217580033416771 0.9999993851254115 -0.05158783597856598 -0.14182696306639286 -0.009854439547353877
FixedParameters: 0 0 0
#Transform 104
Transform: MatrixOffsetTransformBase_double_3_3
Parameters: 0.9999997035745442 0.000546221618492054 -0.000012238403416389189 -0.0005456312843523999 0.9999996894443233 -0.0006953556538724648 0.000012291916378856255 0.0006956498194670147 0.999999043161 -0.0708605632565309 0.012870533506585957 -0.15432673266835195
FixedParameters: 0 0 0
#Transform 105
Transform: MatrixOffsetTransformBase_double_3_3
Parameters: 0.9999997688124602 0.0004587150510645499 -0.00007416091758213525 -0.0004596095366338198 0.9999994082465447 -0.0006255167633614223 0.00007418344984992794 0.0006255711883412785 0.9999996076673154 -0.07520814221537364 -0.06620976473571716 -0.14349045118720483
FixedParameters: 0 0 0
#Transform 106
Transform: MatrixOffsetTransformBase_double_3_3
Parameters: 0.9999999448082655 0.00017164834786149497 -0.00016040055736795625 -0.0001717362935047973 0.9999998953123891 -0.0002742104493040354 0.00016030639578548125 0.0002742655321608667 0.9999998990833798 -0.06388010869812888 0.02150533238844332 -0.043591899674439105
FixedParameters: 0 0 0
#Transform 107
Transform: MatrixOffsetTransformBase_double_3_3
Parameters: 0.9999996283410769 0.0006101939886365283 0.00003810118478797292 -0.0006095367488822626 0.9999990007234008 -0.0007871707446659437 -0.00003825927184729198 0.0007871183105718771 0.9999993849544033 -0.08130434527970465 0.16298405318100606 0.0767784459267773
FixedParameters: 0 0 0
#Transform 108
Transform: MatrixOffsetTransformBase_double_3_3
Parameters: 0.9999996163086093 0.0005888923635945199 0.0001920850373257118 -0.0005887839384652101 0.9999995737840919 -0.0002820400249762822 -0.00019241705685204874 0.00028181363591434083 0.9999998835597281 -0.09182453118350509 0.021013721681796937 0.0871981053562223
FixedParameters: 0 0 0
#Transform 109
Transform: MatrixOffsetTransformBase_double_3_3
Parameters: 0.9999996270729089 0.0006045634174587687 0.00007263025953845037 -0.0006051916419957057 0.999999596256171 0.0002135134288143159 -0.00007317392017450013 -0.00021359571636220265 0.9999999430769775 -0.08342701995621837 -0.14628618820077577 0.13153485232481898
FixedParameters: 0 0 0
#Transform 110
Transform: MatrixOffsetTransformBase_double_3_3
Parameters: 0.9999995436251676 0.0005695467144277528 0.0003806949602670642 -0.0005704471795696597 0.9999984641844781 0.0014857650150838508 -0.0003804149180116176 -0.0014861791043657702 0.9999986365221182 -0.09122379575669015 -0.050076675315636976 0.20725309199761455
FixedParameters: 0 0 0
#Transform 111
Transform: MatrixOffsetTransformBase_double_3_3
Parameters: 0.9999995040478802 0.0002358265846253264 0.0006746852199767711 -0.00023711007589903403 0.9999984853597368 0.0015645136866594966 -0.0006745571900827741 -0.0015648189259778178 0.9999980921604646 -0.11661857073562487 0.03253310234522644 0.08619147963212015
FixedParameters: 0 0 0
#Transform 112
Transform: MatrixOffsetTransformBase_double_3_3
Parameters: 0.999999796665969 0.00042992291311676504 0.0001360147269265173 -0.0004299734752497978 0.9999997805347168 0.00018598504878197808 -0.0001358547488665297 -0.00018610195241530736 0.9999999469074278 -0.0584360658965295 -0.1436329188590264 -0.06440657348156265
FixedParameters: 0 0 0
#Transform 113
Transform: MatrixOffsetTransformBase_double_3_3
Parameters: 0.999999941318961 -0.00005982058818566178 0.00023473968060449863 0.00006002743703316252 0.9999998022395118 -0.00044062711157499823 -0.00023468688025763632 0.00044065527413339467 0.9999997507496557 0.012428630349731407 -0.11187587358406859 -0.08626254982576143
FixedParameters: 0 0 0
#Transform 114
Transform: MatrixOffsetTransformBase_double_3_3
Parameters: 0.9999998818442538 0.0010574459702674933 0.00004599700412907695 -0.0010568475006581721 0.9999987869366718 -0.00029658798101384054 -0.00004580698529776939 0.0002964848362084771 0.999999916018909 -0.08352299957823561 0.0901992211377518 0.1069459450376371
FixedParameters: 0 0 0
#Transform 115
Transform: MatrixOffsetTransformBase_double_3_3
Parameters: 0.9999995786461336 -0.00013119393262064753 0.0006509272411762894 0.0001296972617751786 0.9999963230998759 0.002762941445893341 -0.0006507008605681351 -0.002762769190740255 0.9999959503359386 -0.031324692069190974 0.03220431551729064 0.34170371995047333
FixedParameters: 0 0 0
#Transform 116
Transform: MatrixOffsetTransformBase_double_3_3
Parameters: 0.9999994832074257 0.000012476741970728978 0.0007309240276672511 -0.00001508987703977482 0.9999960526085987 0.002815738819557989 -0.0007307012366356688 -0.0028157505842240083 0.9999955387516453 -0.059055748802450125 -0.06394181122738019 0.29279439275769903
FixedParameters: 0 0 0
#Transform 117
Transform: MatrixOffsetTransformBase_double_3_3
Parameters: 0.9999996343069395 0.000023343725264898156 0.0005921379834255701 -0.000023560796330127217 0.9999997658986495 -0.0004939177884267232 -0.0005915641937194729 0.000493876329825671 0.999999410250396 -0.1173487106828901 -0.15095658110713828 0.12701903984905982
FixedParameters: 0 0 0
#Transform 118
Transform: MatrixOffsetTransformBase_double_3_3
Parameters: 0.9999997491567117 0.00006493512855540408 0.0004966154264520507 -0.00006561855669761068 0.9999995221875928 0.0006881235082517589 -0.0004965256020304984 -0.0006881883876275197 0.9999992798507457 -0.06261351660837988 -0.009722765877469897 0.17538598012578177
FixedParameters: 0 0 0
#Transform 119
Transform: MatrixOffsetTransformBase_double_3_3
Parameters: 0.9999999860671902 0.00011763018530718634 0.000009790655814683564 -0.00011763552879783543 0.9999999110763431 0.00027402305316343023 -0.000009726186144428913 -0.00027402536919290954 0.9999999248124827 -0.09766572495227877 -0.024141260781860296 0.1692206167120105
FixedParameters: 0 0 0
#Transform 120
Transform: MatrixOffsetTransformBase_double_3_3
Parameters: 0.9999999602025316 0.000052803589553136266 0.0002275336102537241 -0.00005212566976327119 0.9999999130484826 0.00027168189924031694 -0.0002281020876864321 -0.00027169208917587895 0.999999869814846 -0.05917784452169883 -0.24963690921903492 0.06128148328397742
FixedParameters: 0 0 0
#Transform 121
Transform: MatrixOffsetTransformBase_double_3_3
Parameters: 0.9999999928878684 0.00007640719798570825 0.000035693538594226346 -0.00007640840601996876 0.9999999938741866 0.000016965227896736934 -0.0000356909460826906 -0.000016970683490880045 0.9999999984379453 -0.09673664150272998 -0.2588103927307941 0.0020190042406369457
FixedParameters: 0 0 0
#Transform 122
Transform: MatrixOffsetTransformBase_double_3_3
Parameters: 0.9999997270790408 0.0004577355734960676 -0.0002553472387679973 -0.00045731948163432886 0.9999996575059154 -0.00035403787589721736 0.00025582519796423127 0.0003542658551006772 0.999999815256813 -0.00239715116109096 -0.10088757102188595 0.07136063568449913
FixedParameters: 0 0 0
#Transform 123
Transform: MatrixOffsetTransformBase_double_3_3
Parameters: 0.9999997995369669 -0.00008154049451444421 -0.00044024305325065464 0.00008120347320875556 0.9999998468912907 -0.0003827667678725222 0.0004403053553766901 0.00038269514369582147 0.9999996596799836 -0.07214265250691199 0.06316979610346607 0.2822292368418289
FixedParameters: 0 0 0
#Transform 124
Transform: MatrixOffsetTransformBase_double_3_3
Parameters: 0.9999999052297471 -0.00011782455460510434 0.000284407945035774 0.00011771805283748151 0.9999999510814102 0.0001872511759862805 -0.00028445205436266317 -0.0001871841940520036 0.9999998840468763 -0.07877399422014264 0.011630140322665738 0.3011557094724111
FixedParameters: 0 0 0
#Transform 125
Transform: MatrixOffsetTransformBase_double_3_3
Parameters: 0.9999999097931991 0.00029645669604671534 -0.000021294925328555142 -0.0002970101125705606 0.9999997735261519 0.0007907944152385493 0.00002097301716599072 -0.000790489364228042 0.9999988894569563 -0.0887236119639141 -0.25666236595506575 0.09017111979588321
FixedParameters: 0 0 0
#Transform 126
Transform: MatrixOffsetTransformBase_double_3_3
Parameters: 0.9999999364344128 3.1342286039366847e-7 -0.0002521216675416501 -5.825893956976688e-7 0.9999997150544975 -0.0005337969633446016 0.000252121198067819 0.0005337972282838388 0.999999651501333 -0.0859395087503998 -0.18704378798381072 0.07844731316102127
FixedParameters: 0 0 0
#Transform 127
Transform: MatrixOffsetTransformBase_double_3_3
Parameters: 0.9999999031561043 0.00009002685819842042 -0.0002978512687459153 -0.00008968634537719089 0.999999166356374 0.0005886355679519673 0.00029794620707670203 -0.0005888687202160181 1.0000000435937688 -0.05434056530950215 -0.04224406312818019 -0.03103950875099315
FixedParameters: 0 0 0
#Transform 128
Transform: MatrixOffsetTransformBase_double_3_3
Parameters: 0.9999998368006552 0.00027995478833335824 -0.00029124599378766466 -0.00028012269971964036 0.9999998384263508 -0.000288274096664487 0.0002910845057674666 0.00028843719260046585 0.9999998320771157 -0.04170673307889672 -0.15467289750654345 -0.012814587588195536
FixedParameters: 0 0 0
#Transform 129
Transform: MatrixOffsetTransformBase_double_3_3
Parameters: 0.9999997563787736 0.00024303413596088398 -0.00044903330423103484 -0.00024283925388766709 0.9999990453427965 -0.0013700444204004514 0.00044855767407255974 0.001370270585076383 0.9999989227427941 -0.004280167883891295 -0.07482216345614745 0.19057085430900145
FixedParameters: 0 0 0
#Transform 130
Transform: MatrixOffsetTransformBase_double_3_3
Parameters: 0.9999993313316955 0.00009229339601384402 -0.0008022429369589072 -0.0000924715962210517 0.9999994308040726 0.0007608550608385611 0.0008021784988405467 -0.0007607147097843936 0.9999987761226626 0.001055181871393529 -0.04172540091362009 0.2264626507725609
FixedParameters: 0 0 0
#Transform 131
Transform: MatrixOffsetTransformBase_double_3_3
Parameters: 0.9999995873871123 0.0003910600382360423 -0.0005098294368550207 -0.0003898044990417874 0.9999993958068849 0.0012050233411836642 0.0005107553056025252 -0.0012046247666488985 0.9999992879310357 -0.019576197179873134 -0.03716517799385599 0.15827535920668367
FixedParameters: 0 0 0
#Transform 132
Transform: MatrixOffsetTransformBase_double_3_3
Parameters: 0.9999992098056781 0.00002936739090928864 -0.0008884428410528009 -0.000029596131452971344 0.999999982558866 -0.0001287004763445565 0.0008884352837019132 0.00012875287058844442 0.9999991941067583 -0.02081124544146462 -0.03464579208808516 0.1580200521990065
FixedParameters: 0 0 0
#Transform 133
Transform: MatrixOffsetTransformBase_double_3_3
Parameters: 0.9999995658811591 -0.0005614055657054853 -0.0003233551503813634 0.00056131235313903 0.9999995789093452 0.0010563149904342928 0.00032275101931908716 -0.001056691306706603 0.9999997838383929 -0.08245275887540515 -0.114026710683504 0.4369316054978043
FixedParameters: 0 0 0
#Transform 134
Transform: MatrixOffsetTransformBase_double_3_3
Parameters: 0.9999993890565071 0.0007401261503866474 -0.0002232002361548756 -0.0007407354423423604 0.9999995234812947 -0.0009646016790267331 0.00022315561127458526 0.0009649127821458325 1.000000029858616 -0.10607495665358613 -0.283641757436385 0.14902083195615035
FixedParameters: 0 0 0
#Transform 135
Transform: MatrixOffsetTransformBase_double_3_3
Parameters: 0.9999995610578373 0.00010601286039761454 -0.0006656130936142522 -0.00010577560333886152 0.9999997984290154 -0.00042414488969455544 0.0006649262959217792 0.00042429955152423204 0.9999993729893503 0.0038020327643977225 -0.3015823769062962 0.0635782365565234
FixedParameters: 0 0 0
#Transform 136
Transform: MatrixOffsetTransformBase_double_3_3
Parameters: 0.999999789153781 -0.0004239950918004608 -0.00013361855196157395 0.0004240409170454297 0.9999989486256351 0.0009349441112973533 0.0001342246208022662 -0.0009350774070392975 0.9999991182771166 -0.02596557578728209 0.12845774962934797 0.21264757767626463
FixedParameters: 0 0 0
#Transform 137
Transform: MatrixOffsetTransformBase_double_3_3
Parameters: 0.9999993507047887 0.0001073279468734921 -0.0007987578188292317 -0.00010880441788703931 1.0000001034740755 -0.0009404825941915496 0.0007985396005631344 0.0009406554705301828 0.9999994774445334 0.011207954904435269 0.21698763390324416 0.061719853293340066
FixedParameters: 0 0 0
#Transform 138
Transform: MatrixOffsetTransformBase_double_3_3
Parameters: 0.9999998815794666 -0.00027242948913098184 0.0002102451970159994 0.0002721705139813466 0.9999995471663354 0.0006154373839943883 -0.00021058034339485284 -0.0006153228380516018 0.9999995770266926 -0.028348889385810594 -0.030335586770860345 0.19026278566941812
FixedParameters: 0 0 0
#Transform 139
Transform: MatrixOffsetTransformBase_double_3_3
Parameters: 0.9999993210866777 -0.0003507356406242837 -0.0007356017414407984 0.00035158716416566847 0.9999996630659682 0.001106013443700482 0.00073540681798349 -0.0011065436283438368 0.9999992395805515 0.007727984423979706 -0.23694896654942 0.18371218188585203
FixedParameters: 0 0 0
#Transform 140
Transform: MatrixOffsetTransformBase_double_3_3
Parameters: 0.9999995380742147 -0.0006445940871893131 -0.00021546337060889713 0.0006447213496061205 0.9999994970134072 0.00029550534257971606 0.00021508219292692347 -0.0002957829187933414 0.9999998662489822 0.028682179729301538 -0.2699383862926936 0.06982004298130562
FixedParameters: 0 0 0
#Transform 141
Transform: MatrixOffsetTransformBase_double_3_3
Parameters: 0.9999990023001198 -0.0009707639044213016 -0.00023519574406571963 0.0009708523852126041 0.9999990220644515 0.00018809959182541913 0.00023483008157967737 -0.00018855591067301614 0.9999999092995637 0.07085000069491798 -0.1326470742234278 -0.05245715227314918
FixedParameters: 0 0 0
#Transform 142
Transform: MatrixOffsetTransformBase_double_3_3
Parameters: 0.999999684259024 -0.0009119194983096988 -0.0006956597736434647 0.0009118604333381933 1.0000000031519432 -0.00003268227188529815 0.0006957479972307188 0.000032657932573842974 0.9999996793618633 0.057069547229417594 0.08897909370482182 -0.0026792028402269352
FixedParameters: 0 0 0
#Transform 143
Transform: MatrixOffsetTransformBase_double_3_3
Parameters: 0.9999992958224293 0.0005787877781743646 -0.0005945428263171 -0.0005790820945660432 0.9999990071204081 0.0004351199264440164 0.0005956325398122303 -0.00043473130474469546 0.9999999401461885 -0.09231156179930622 0.019003771304738848 0.19592141798054286
FixedParameters: 0 0 0
#Transform 144
Transform: MatrixOffsetTransformBase_double_3_3
Parameters: 0.9999993627855194 -0.0005667142958066641 -0.0005489271426032876 0.000566760251233999 0.9999994522833583 0.0007705959414474606 0.0005486536502804788 -0.0007702737560483786 0.9999997530676807 -0.06872910824706935 -0.14783146031216177 0.3044623837691063
FixedParameters: 0 0 0
#Transform 145
Transform: MatrixOffsetTransformBase_double_3_3
Parameters: 0.9999994088020064 0.0001203828439008801 -0.0007594109881153016 -0.00011921468924868577 0.9999993942536354 0.000769117910104089 0.000759595275135346 -0.0007689359920573513 0.9999988317431558 0.0426408360974051 -0.18538087724846264 0.4170645029209368
FixedParameters: 0 0 0
#Transform 146
Transform: MatrixOffsetTransformBase_double_3_3
Parameters: 0.999999539450083 -0.00025829567177902885 -0.000603733727989976 0.00025971111369771155 0.9999970189672646 0.0024358596535060673 0.0006036209427346473 -0.0024361994303851997 0.9999967100636116 0.04369406523242958 -0.26926875386552496 0.18967457689387857
FixedParameters: 0 0 0
#Transform 147
Transform: MatrixOffsetTransformBase_double_3_3
Parameters: 0.999999690708931 -0.0003701843124244618 -0.0003968108108717219 0.0003700103512912522 0.9999992477483215 0.000790843083924353 0.0003968223076915242 -0.0007911505986116785 0.9999992213191471 0.04701421785954096 0.03166823600210478 0.07928575530129933
FixedParameters: 0 0 0
#Transform 148
Transform: MatrixOffsetTransformBase_double_3_3
Parameters: 0.9999991281642076 -0.000805967166196605 -0.0004714365088797699 0.0008058776628243973 0.9999993414857411 -0.00009525373358953981 0.00047158943913044003 0.00009449373422282248 0.9999997686756035 0.08859749561976571 0.2048721197840564 0.05521812118389846
FixedParameters: 0 0 0
#Transform 149
Transform: MatrixOffsetTransformBase_double_3_3
Parameters: 0.9999999675891916 -0.0008021516634521319 -0.0005998532843492074 0.0008023527377029843 0.9999984720173429 0.0015039172005673618 0.0005986369706165071 -0.0015039482547670735 0.9999990313588597 0.10689736409656803 -0.1890602349662629 0.18101678489000506
FixedParameters: 0 0 0
#Transform 150
Transform: MatrixOffsetTransformBase_double_3_3
Parameters: 0.9999999315549829 -0.0009706026244222954 -0.0003145901355113064 0.0009707803936275634 0.9999982042376712 0.0018288538097924745 0.0003130311745436962 -0.001829209723350822 0.9999980920493547 0.08548210906525355 -0.19879745821991435 0.13244295227650582
FixedParameters: 0 0 0
#Transform 151
Transform: MatrixOffsetTransformBase_double_3_3
Parameters: 0.9999993470915933 -0.0011924343515654526 0.0004696416276794085 0.0011908999585699884 0.9999968160722301 0.0020981168484280333 -0.00047247371305839526 -0.0020979775195088535 0.9999977492781389 -0.01148633471375149 -0.07834614104669413 0.309039537352902
FixedParameters: 0 0 0
#Transform 152
Transform: MatrixOffsetTransformBase_double_3_3
Parameters: 0.9999990631737755 -0.0013335866398954887 -0.00036286624990857744 0.0013342566157171208 0.9999978937888389 0.0014724566750302093 0.00036174992948231205 -0.0014722180157792364 0.9999988862501477 0.029903986547978434 -0.03029095629233325 0.5636170596258125
FixedParameters: 0 0 0
#Transform 153
Transform: MatrixOffsetTransformBase_double_3_3
Parameters: 0.9999994312461463 -0.00001515833855086164 -0.0007539934698688818 0.000014976708363564082 0.999999507912298 -0.00011378798416056268 0.0007539860410022577 0.0001134786252354747 0.9999998975614282 0.08992294202691653 -0.2861638273143825 0.018257471300898942
FixedParameters: 0 0 0
#Transform 154
Transform: MatrixOffsetTransformBase_double_3_3
Parameters: 0.999999826190697 -0.0009339946671003042 -0.000561879681976475 0.0009341314792640364 0.9999996173106868 -0.0005791916637811756 0.0005623935364659121 0.0005793997681333707 0.9999995083906663 0.0949138094505173 -0.3180859605769939 -0.2010520615425122
FixedParameters: 0 0 0
#Transform 155
Transform: MatrixOffsetTransformBase_double_3_3
Parameters: 0.9999989413705263 -0.0014257338851923092 0.00004092780208593918 0.001425795743310274 0.999996502249132 0.0022230485153059143 -0.000043685442887320255 -0.0022226862418319726 0.9999976048901238 0.06519949997947094 0.10036622583005794 0.296575885745213
FixedParameters: 0 0 0
#Transform 156
Transform: MatrixOffsetTransformBase_double_3_3
Parameters: 0.9999986623864576 -0.0015102778296605514 -0.0002087561701019687 0.0015105272456161954 0.9999980604972631 0.001067430251252166 0.00020694098601879208 -0.0010677912115897858 0.9999993484881068 0.013283947485987824 0.12726921903140465 0.42306611442995745
FixedParameters: 0 0 0
#Transform 157
Transform: MatrixOffsetTransformBase_double_3_3
Parameters: 0.9999998093480065 0.00004075255120535948 -0.0004347308269545848 -0.00004094270108708398 0.9999999504998656 -0.0002186811736223926 0.0004347129765111654 0.0002187167040387239 0.9999997631902419 0.07962994308228133 -0.08233189710495026 0.3096404126592489
FixedParameters: 0 0 0
#Transform 158
Transform: MatrixOffsetTransformBase_double_3_3
Parameters: 0.9999995245335147 -0.0006115850519477745 -0.00034089984311137496 0.0006117752627696777 0.9999997427192842 -0.0009343118890341451 0.0003414306629204167 0.0009339085182614171 1.0000000065323922 0.018923496037700716 -0.33486910888431964 0.15709197706047462
FixedParameters: 0 0 0
#Transform 159
Transform: MatrixOffsetTransformBase_double_3_3
Parameters: 0.9999980170215186 -0.001397976544130889 -0.0014446529859403103 0.0013949733623167457 0.9999965713136814 -0.0021524462637561026 0.0014482907616469073 0.0021506641059272913 0.9999960683906428 0.1230488163417931 -0.3309480078660556 0.2028614280612402
FixedParameters: 0 0 0
#Transform 160
Transform: MatrixOffsetTransformBase_double_3_3
Parameters: 0.9999971354562109 -0.001807588603892602 -0.001633662600352405 0.0018055394101149016 0.9999968145794278 -0.0018503479467191775 0.0016373926576924791 0.001847667878586312 0.999997335025453 0.07187654665125365 -0.07389181199221184 0.10029159377420171
FixedParameters: 0 0 0
#Transform 161
Transform: MatrixOffsetTransformBase_double_3_3
Parameters: 0.9999985327284655 -0.0015363460409659573 -0.0010586747930626927 0.0015352522984976049 0.9999984767830246 -0.0005958761516154931 0.0010591509029586452 0.00059484558728784 0.999999321624821 0.04564473662449586 0.10177700036433635 0.0652447344061926
FixedParameters: 0 0 0
#Transform 162
Transform: MatrixOffsetTransformBase_double_3_3
Parameters: 0.9999983272619818 -0.0015521170675852872 -0.0011366808299362523 0.0015515630821947468 0.9999985189076191 -0.0009433904914047941 0.0011384400033146952 0.0009411318711543548 0.9999989736065257 0.04586477223890029 -0.06498158738273219 0.05057218198547275
FixedParameters: 0 0 0
#Transform 163
Transform: MatrixOffsetTransformBase_double_3_3
Parameters: 0.9999997472593681 -0.0010641938201874253 -0.00034555892416839355 0.0010629329271342742 0.9999989575148838 -0.0009590318873901049 0.0003467961174135686 0.0009583015157607067 0.9999999551292593 0.053887807252095854 -0.06591108170815119 0.017314433379354455
FixedParameters: 0 0 0
#Transform 164
Transform: MatrixOffsetTransformBase_double_3_3
Parameters: 0.9999988566825994 -0.0013035853133541893 -0.0006661727517411162 0.0013027537268095726 0.9999987615134943 -0.0006134258454539854 0.0006677995407189464 0.0006129319651002052 0.9999993435794057 0.0646314563568069 -0.03953143784444535 0.04635115218211183
FixedParameters: 0 0 0
#Transform 165
Transform: MatrixOffsetTransformBase_double_3_3
Parameters: 0.9999999100919882 -0.0009658939023451284 -0.0003959210244714592 0.0009661290698013546 0.9999993164576712 0.00032748458104120415 0.00039530625176106143 -0.0003272911156544933 1.0000003797091912 0.0649113748670942 -0.07048241153526646 0.09945916266875088
FixedParameters: 0 0 0
#Transform 166
Transform: MatrixOffsetTransformBase_double_3_3
Parameters: 0.9999987779378147 -0.0013213098798570326 -0.0006899312337315787 0.0013204843317994217 0.9999987455500683 -0.0005880261088442862 0.0006915125488288997 0.0005874458733676757 0.9999993419076654 0.0731981998504807 -0.022478581294521405 0.12564377841347607
FixedParameters: 0 0 0
#Transform 167
Transform: MatrixOffsetTransformBase_double_3_3
Parameters: 0.9999995370047321 -0.0010986909848554446 -0.0004920230429532084 0.0010990359577814379 0.9999988124797276 0.0005825887388298812 0.0004921592571613244 -0.0005827320969279404 1.0000000722204034 0.05730083884139958 -0.0715751641728275 0.17107728656945653
FixedParameters: 0 0 0
#Transform 168
Transform: MatrixOffsetTransformBase_double_3_3
Parameters: 0.9999988026982376 -0.0013098150619533894 -0.0006735641973701998 0.0013099223114930775 0.9999991052892764 0.0008183601998685286 0.0006734251901818126 -0.0008198713873985297 0.999999411408026 0.06255322312497924 -0.15228669444617537 0.23347453542650953
FixedParameters: 0 0 0
#Transform 169
Transform: MatrixOffsetTransformBase_double_3_3
Parameters: 0.9999993515605848 -0.0010999937652691606 -0.0006620023628961449 0.0010998053978655547 0.9999991316061904 -0.0001244577919016776 0.0006622933532162692 0.00012395903193623825 1.00000018953955 0.0684831264753143 -0.1429585401361635 0.00028718808094652104
FixedParameters: 0 0 0
#Transform 170
Transform: MatrixOffsetTransformBase_double_3_3
Parameters: 0.9999994699090984 -0.0004976406994656541 -0.0005314550454096255 0.000497396771946655 0.9999996998393745 -0.00022968246550841842 0.0005316833389159819 0.0002291535506488973 0.9999996648042064 0.04015866154377079 -0.0310958293610355 -0.12130064302334631
FixedParameters: 0 0 0
#Transform 171
Transform: MatrixOffsetTransformBase_double_3_3
Parameters: 0.9999988418057796 -0.0012370626581346357 -0.0008100757022912054 0.0012355493798209976 0.9999978576074078 -0.001561283113267864 0.0008119529666749782 0.001560555954942755 0.9999980552392709 0.06925398346369604 0.13767038887826288 0.09209500472472598
FixedParameters: 0 0 0
#Transform 172
Transform: MatrixOffsetTransformBase_double_3_3
Parameters: 0.9999993958138798 -0.0008826772131232719 -0.0009162676282270104 0.0008825907391806641 0.9999993449912313 -0.00047190269307922916 0.0009165208828425674 0.00047125660382180135 0.9999995767775764 0.06560653360499202 0.01781121909148453 0.35476715037410145
FixedParameters: 0 0 0
#Transform 173
Transform: MatrixOffsetTransformBase_double_3_3
Parameters: 0.9999982440168708 -0.0011796904666513714 -0.0011741842577891065 0.001179972514534299 0.999999386932088 -0.0002162451784166186 0.0011741244165250496 0.00021473278486439096 0.9999987348919728 0.07365099381470941 -0.21058452178418463 0.1790466456987616
FixedParameters: 0 0 0
#Transform 174
Transform: MatrixOffsetTransformBase_double_3_3
Parameters: 0.9999994485070444 -0.0007453869425981348 -0.001005360506286834 0.0007439685753174465 0.9999992172899489 -0.0011042649066424493 0.0010064070957490306 0.001102780602055875 0.9999987659786485 0.040307530260065505 -0.10180876495644497 -0.11502507303464427
FixedParameters: 0 0 0
#Transform 175
Transform: MatrixOffsetTransformBase_double_3_3
Parameters: 0.9999999180276097 -0.0006212214537462273 -0.0008341681487165078 0.000621426912303329 0.9999999518759409 0.00013742839859903766 0.0008340150929050411 -0.00013750706764414922 0.9999999287983135 0.08021189053648925 -0.08078514726086894 -0.012556824348081363
FixedParameters: 0 0 0
