#Insight Transform File V1.0
#Transform 0
Transform: MatrixOffsetTransformBase_double_3_3
Parameters: 0.9999997833079658 0.000288234561231872 0.0003480609845568951 -0.0002876777163780455 0.9999998006635015 -0.001057886831998922 -0.0003472861497945108 0.0010576672175668933 0.999999770655212 0.03912802480945743 -0.006849680122996915 -0.09623202582812951
FixedParameters: 0 0 0
#Transform 1
Transform: MatrixOffsetTransformBase_double_3_3
Parameters: 0.9999998763775991 0.00033078682584738073 0.0001191904949352019 -0.00033053248180454713 0.9999991339802105 -0.0010547003756483098 -0.00011988549758599272 0.001055579417095498 0.9999995157506509 0.044440478546505346 -0.02325031941875011 -0.11088646034730232
FixedParameters: 0 0 0
#Transform 2
Transform: MatrixOffsetTransformBase_double_3_3
Parameters: 0.9999998964746888 0.00020913657563303815 -0.00024498941450009607 -0.00020971050654042408 0.9999994540263408 -0.0012254829320100802 0.00024446115249448044 0.0012255857182294494 0.9999994381327937 0.04376562888067781 -0.02706353414166074 -0.1449389793110356
FixedParameters: 0 0 0
#Transform 3
Transform: MatrixOffsetTransformBase_double_3_3
Parameters: 0.9999999187157281 0.00016927969507676984 -0.0002304163763996263 -0.00017016169606795984 0.9999978518952761 -0.002029477054135531 0.00022969756064886008 0.002029555681856754 0.9999978280423341 0.04193053543680492 -0.010379368126194777 -0.1722357723407839
FixedParameters: 0 0 0
#Transform 4
Transform: MatrixOffsetTransformBase_double_3_3
Parameters: 0.9999999379633251 -0.000025514641493575192 -0.0002772019126060655 0.000025240198496637905 0.9999978414745145 -0.0020364502567900566 0.0002766783807717104 0.002036450472763629 0.9999977716122699 0.05798748485962335 0.005594911559384741 -0.11542491709244018
FixedParameters: 0 0 0
#Transform 5
Transform: MatrixOffsetTransformBase_double_3_3
Parameters: 0.9999994475561981 -0.000282001495953803 -0.0006994275896267196 0.00028134878248739894 0.9999987001169965 -0.0014841846908009715 0.0007004536947493821 0.0014837984938389503 0.9999983093431255 0.04224363695952604 0.029525136254179074 -0.05915543549978963
FixedParameters: 0 0 0
#Transform 6
Transform: MatrixOffsetTransformBase_double_3_3
Parameters: 0.9999998266489997 -0.0005257644882794281 -0.0009552920802503163 0.000524857674867027 0.9999992519043459 -0.0012063194337106342 0.0009567640084814184 0.0012053229096375406 0.999998633551336 0.04983069148784125 -0.10655340414845682 -0.08386315692423807
FixedParameters: 0 0 0
#Transform 7
Transform: MatrixOffsetTransformBase_double_3_3
Parameters: 0.9999998355590886 -0.0006071029751633385 -0.0009007913647196271 0.0006057262791476792 0.9999985993071533 -0.001540017655662529 0.0009028669136200106 0.0015398898325126864 0.9999984601438423 0.04810668930824136 -0.14880250173216325 -0.03513789636767228
FixedParameters: 0 0 0
#Transform 8
Transform: MatrixOffsetTransformBase_double_3_3
Parameters: 0.9999998250695924 -0.0004038971604647015 -0.00015965804675561438 0.00040360275232021337 0.9999988579873359 -0.0017251607720302764 0.00015962215639915914 0.0017250520340303388 0.999998987963171 0.04844516975407487 0.03382112130938708 -0.22065190506461363
FixedParameters: 0 0 0
#Transform 9
Transform: MatrixOffsetTransformBase_double_3_3
Parameters: 0.9999995450054557 -0.0006074104228838502 -0.0003175197212017584 0.0006074357554304306 0.9999990291383349 -0.0012616644483420258 0.0003184402899029865 0.0012612921728655802 0.9999993030514036 0.037858580153155685 0.12581682208497114 -0.2165290719882762
FixedParameters: 0 0 0
#Transform 10
Transform: MatrixOffsetTransformBase_double_3_3
Parameters: 0.9999994390739371 -0.0007110659210357458 0.0002324614188608336 0.0007110688644567209 0.9999995038766614 -0.001215010503284819 -0.00023153917762296257 0.0012156332902023559 0.9999989841520731 0.02174491806773915 -0.008502104366272079 -0.05097184150827161
FixedParameters: 0 0 0
#Transform 11
Transform: MatrixOffsetTransformBase_double_3_3
Parameters: 0.999999835127429 -0.0004233480598479295 0.000019704855707110367 0.00042422904635047113 1.0000000706140746 -0.0011035483386288014 -0.000019370443122531398 0.0011038655538587738 0.9999992979655707 0.02288028531424402 -0.18039662352353503 -0.11137164482271089
FixedParameters: 0 0 0
#Transform 12
Transform: MatrixOffsetTransformBase_double_3_3
Parameters: 0.9999996836300972 0.0002581412392911828 -0.0005016930072700174 -0.00025926869699318517 0.9999987898251874 -0.0017705100251906303 0.000501548974640329 0.0017707641642830119 0.9999986191282622 0.020085818449786075 -0.08025534492126951 -0.07739502344159632
FixedParameters: 0 0 0
#Transform 13
Transform: MatrixOffsetTransformBase_double_3_3
Parameters: 0.9999997454149405 -0.0005115347594392734 0.0000776817603559295 0.0005120041491134696 0.9999983656589349 -0.0015392984885509997 -0.00007752013808832265 0.0015393978803530106 0.9999986138758469 0.026536191682083654 0.16875974355268397 -0.11809746731030657
FixedParameters: 0 0 0
#Transform 14
Transform: MatrixOffsetTransformBase_double_3_3
Parameters: 0.9999999461722962 0.00007005474693275106 0.00021672394488310605 -0.00007025942034908804 0.9999991866020335 -0.0009034507225957888 -0.00021765273176284805 0.0009034262366268142 0.9999991306369767 0.015362297531396507 -0.01919460211998114 -0.09990686670087712
FixedParameters: 0 0 0
#Transform 15
Transform: MatrixOffsetTransformBase_double_3_3
Parameters: 0.9999995745666901 -0.0006279688096842525 0.00017260756582255805 0.000627675532663297 0.9999995980087378 -0.0008119964158725401 -0.0001724082203421731 0.0008112611831851968 0.9999996621033354 0.022023081793690835 -0.11934132266978281 -0.1469708135261243
FixedParameters: 0 0 0
#Transform 16
Transform: MatrixOffsetTransformBase_double_3_3
Parameters: 0.9999997198993124 0.00008280871989066528 -0.0005371086118948669 -0.0000829439100693977 0.9999992210152435 -0.0008727130263485594 0.0005363669910203484 0.0008728157906190415 0.9999989457367073 0.02747901419385812 -0.041217380346623145 -0.2015131599115989
FixedParameters: 0 0 0
#Transform 17
Transform: MatrixOffsetTransformBase_double_3_3
Parameters: 0.9999996977898673 -0.00015348228715572295 0.0005261182039125673 0.00015427722689982442 0.9999992995583444 -0.001297727803783233 -0.0005265357864023511 0.0012978959975438742 0.9999990326210013 -0.00548777414827839 0.059934089386601386 -0.16460372461045836
FixedParameters: 0 0 0
#Transform 18
Transform: MatrixOffsetTransformBase_double_3_3
Parameters: 0.9999999310252583 -0.00005298908123830442 -0.00025718548216596584 0.00005260437632161616 0.9999989884857754 -0.0007280110819198882 0.0002572514665340731 0.0007276973296652112 0.9999998830476093 0.02107613988297885 0.07210058847621781 -0.13470389627542545
FixedParameters: 0 0 0
#Transform 19
Transform: MatrixOffsetTransformBase_double_3_3
Parameters: 0.9999999572110883 -0.0001257608332270138 0.00016423557129461057 0.00012576943268071132 0.9999999834968525 -0.000026168756854627606 -0.0001642289912971752 0.000026210068381882223 0.9999999723420632 0.05281154745910044 0.01206234102336623 -0.0979004012739324
FixedParameters: 0 0 0
#Transform 20
Transform: MatrixOffsetTransformBase_double_3_3
Parameters: 0.9999998255978476 0.00005993115852223575 0.0004132923463511732 -0.00005983211291823824 0.9999999820573022 -0.00011983967799722439 -0.00041330671039794577 0.00011979018900365457 0.9999998148289219 -0.008059448826415405 0.0036063839966971045 0.019273362197708366
FixedParameters: 0 0 0
#Transform 21
Transform: MatrixOffsetTransformBase_double_3_3
Parameters: 0.9999999020854042 -0.000014845646595148393 0.0003125610082648515 0.000014981900441441527 0.9999999522679841 -0.00021795675250574353 -0.0003125545188300742 0.0002179660916332704 0.9999998548026539 0.044156622562397274 -0.07420523945413038 0.0941764669145897
FixedParameters: 0 0 0
#Transform 22
Transform: MatrixOffsetTransformBase_double_3_3
Parameters: 0.9999999011452101 -0.000013992437448158423 0.0003141005934097509 0.000014054616117510849 0.9999999900062383 -0.00009897034850947506 -0.00031409782922729116 0.00009897916561546483 0.9999998915465751 0.04453648173253555 -0.10637758393409058 -0.016925586652646984
FixedParameters: 0 0 0
#Transform 23
Transform: MatrixOffsetTransformBase_double_3_3
Parameters: 0.9999998955718125 -0.000009082679656413281 0.00032298099041508225 0.000008692936952312208 0.9999991758852415 0.0005873076856257597 -0.00032300232475400404 -0.0005875886321951573 1.0000000295472042 0.04619247249519276 -0.05742576627065432 -0.15806620871654786
FixedParameters: 0 0 0
#Transform 24
Transform: MatrixOffsetTransformBase_double_3_3
Parameters: 0.9999999590405366 -0.00018286786226960616 0.0000867122273890675 0.00018292293187901023 0.999999865555312 -0.0003177738483975401 -0.00008659598827841491 0.0003178055692205639 0.9999998915041914 0.055070844627110205 0.04515150750700059 -0.18403745367027113
FixedParameters: 0 0 0
#Transform 25
Transform: MatrixOffsetTransformBase_double_3_3
Parameters: 0.9999998972961957 -0.000023968222158861916 0.00029612258544192997 0.000024073194439962718 0.9999987930462437 -0.0014888176694338728 -0.0002954690549246263 0.0014888184486209766 0.9999987003515627 0.048742940195396045 0.12686043851819306 -0.18270174740587208
FixedParameters: 0 0 0
#Transform 26
Transform: MatrixOffsetTransformBase_double_3_3
Parameters: 0.9999999089457685 -0.000021068781818078114 0.00030133122871082757 0.000021738509077034746 0.999999342397977 -0.001085501922651777 -0.00030131062059832333 0.0010852284498948928 1.0000002101180137 0.046981446005787575 0.04555461269153227 -0.0819154395703805
FixedParameters: 0 0 0
#Transform 27
Transform: MatrixOffsetTransformBase_double_3_3
Parameters: 0.9999998450540966 0.0000450760311509848 0.00039104247341539117 -0.00004446399858362899 0.9999993856997693 -0.0007825050818124346 -0.00039111255195168693 0.0007824701225244146 0.9999992347793121 0.04366221948737348 0.044227456058067105 -0.0103585842390288
FixedParameters: 0 0 0
#Transform 28
Transform: MatrixOffsetTransformBase_double_3_3
Parameters: 0.9999996954152085 -0.000502513127196768 0.00022817934509693368 0.0005024200523553472 0.9999997059845226 0.0002039394286877938 -0.0002283841891337487 -0.0002037100351887089 0.9999999063405093 0.05201830348782721 -0.042576200802869835 0.0010655917946138516
FixedParameters: 0 0 0
#Transform 29
Transform: MatrixOffsetTransformBase_double_3_3
Parameters: 0.9999999150963274 -0.00013393621548318758 0.00025515713388150007 0.00013366630106830782 0.999999579739562 -0.0006403425173910904 -0.0002557877915771922 0.0006404168519065223 0.9999995186540982 0.04771350923452644 -0.11960434788093721 -0.14644015303281321
FixedParameters: 0 0 0
#Transform 30
Transform: MatrixOffsetTransformBase_double_3_3
Parameters: 0.99999995160538 -0.00010072534559965531 0.00019557407575760202 0.00010102674569295914 0.9999993955846964 -0.0007708436541871144 -0.00019541856128310522 0.0007708831529017468 0.9999993675587501 0.04995810920217991 -0.03520179854915284 -0.13570816986430145
FixedParameters: 0 0 0
#Transform 31
Transform: MatrixOffsetTransformBase_double_3_3
Parameters: 0.9999998005093301 0.00008099980809902433 0.0004392377984149445 -0.00008031855087476183 0.9999993922711418 -0.0007754153239937223 -0.00043936289742081735 0.0007753445140535886 0.9999992058088109 0.038750735892151056 0.19257271468147508 -0.11545094888377605
FixedParameters: 0 0 0
#Transform 32
Transform: MatrixOffsetTransformBase_double_3_3
Parameters: 0.9999999580821329 -0.00012700951432820262 0.00016058221508663127 0.000127229775848119 0.9999995129562741 -0.0006861839360655098 -0.0001604077627486609 0.0006862247908782093 0.9999995033721197 0.05225992397791401 0.08221522378990187 -0.0751632913804201
FixedParameters: 0 0 0
#Transform 33
Transform: MatrixOffsetTransformBase_double_3_3
Parameters: 0.9999999606793784 -0.00015524480217312927 0.00012336884980082888 0.00015535859761375012 0.9999997629060642 -0.00046146762676008146 -0.0001232255170160834 0.0004615059574174518 0.9999997718326854 0.03961493775088343 -0.16501060358952202 -0.07484742349883788
FixedParameters: 0 0 0
#Transform 34
Transform: MatrixOffsetTransformBase_double_3_3
Parameters: 0.9999998381135552 0.00017563461496596273 0.000361993042851407 -0.00017539924380747737 0.9999998635399568 -0.0003251025938383334 -0.0003621071542327741 0.00032497552605892377 0.9999997632726318 0.021909632070403973 -0.07241502495637064 -0.08255347126754486
FixedParameters: 0 0 0
#Transform 35
Transform: MatrixOffsetTransformBase_double_3_3
Parameters: 0.9999999428664358 -0.00007952251347123282 0.0002254105737456791 0.00007966737226206217 0.9999998903888356 -0.0003213419643292581 -0.000225359425906456 0.00032137786720948247 0.9999998459327804 0.03923429663696254 -0.005218410536798501 -0.06460380032316948
FixedParameters: 0 0 0
#Transform 36
Transform: MatrixOffsetTransformBase_double_3_3
Parameters: 0.9999999679517261 0.00017548115366506473 0.000035419104547101087 -0.00017545838541321206 0.999999866289145 -0.00032081428624031183 -0.00003553168844253529 0.00032080186003335953 0.999999895827166 0.03746416256527141 0.06592777213842282 -0.1392195572461361
FixedParameters: 0 0 0
#Transform 37
Transform: MatrixOffsetTransformBase_double_3_3
Parameters: 0.9999998533180126 0.00017246416122822066 0.00034196870605565145 -0.000171779284886029 0.9999993313444566 -0.0009974108100239687 -0.00034230943040656613 0.0009982511212660028 0.9999995306337284 0.024686248107897768 0.08092734136505442 -0.1367262890755967
FixedParameters: 0 0 0
#Transform 38
Transform: MatrixOffsetTransformBase_double_3_3
Parameters: 0.9999999620003647 0.00014479887402665207 0.0000456980597376656 -0.0001455098697484944 0.999998997716553 -0.0009957997677598751 -0.000045390168601019184 0.0009957728841422653 0.9999990108127307 0.05112463366208431 -0.02141239885339985 -0.04404973669207379
FixedParameters: 0 0 0
#Transform 39
Transform: MatrixOffsetTransformBase_double_3_3
Parameters: 0.9999999409858994 -0.00007664239270237846 0.00023052166315974828 0.00007660753872779547 0.9999999884146842 0.00007561327182686872 -0.00023053325742443485 -0.00007557794882784297 0.9999999411414254 0.038376663170609504 -0.050025385478463136 -0.02232285999782846
FixedParameters: 0 0 0
#Transform 40
Transform: MatrixOffsetTransformBase_double_3_3
Parameters: 0.9999994658991693 0.00026124566155160604 0.000682533090127726 -0.00026072296950312916 0.9999997853186278 -0.00038301547845082107 -0.0006827329418582903 0.0003826591937527435 0.99999938745113 0.014357758666832865 -0.009152032980026092 -0.05020122340340549
FixedParameters: 0 0 0
#Transform 41
Transform: MatrixOffsetTransformBase_double_3_3
Parameters: 0.9999998065141043 0.00007461973563513478 0.0004334950265538894 -0.00007463258400454724 0.9999999942112847 0.000014795866911720967 -0.0004334928284902501 -0.000014860567669860991 0.9999998118626869 0.01538839615838583 -0.05762496759088265 -0.09805331396114525
FixedParameters: 0 0 0
#Transform 42
Transform: MatrixOffsetTransformBase_double_3_3
Parameters: 0.9999998065141043 0.00007461973563513478 0.0004334950265538894 -0.00007463258400454724 0.9999999942112847 0.000014795866911720967 -0.0004334928284902501 -0.000014860567669860991 0.9999998118626869 0.014588002503771236 -0.11207935201119312 -0.08515746993116124
FixedParameters: 0 0 0
#Transform 43
Transform: MatrixOffsetTransformBase_double_3_3
Parameters: 0.9999996413540003 0.00017728938192222818 0.0005720266803732749 -0.00017749446781844657 0.9999999363915484 0.00017918223879720419 -0.0005719630922838466 -0.000179385186231229 0.9999996406767573 0.005522453783612491 -0.13130309163501863 -0.16294500300455184
FixedParameters: 0 0 0
#Transform 44
Transform: MatrixOffsetTransformBase_double_3_3
Parameters: 0.9999998201047297 0.00006377731826254815 0.00041679770914768177 -0.00006388212677460548 0.9999996556163934 -0.0005899715271545092 -0.00041767505020116696 0.0005899242286894757 0.9999994718810826 0.013327081030610088 0.04614873007818687 -0.15929647178337802
FixedParameters: 0 0 0
#Transform 45
Transform: MatrixOffsetTransformBase_double_3_3
Parameters: 0.9999996670377018 0.00015732871730435912 0.0005418040723363558 -0.00015735235100548936 0.9999994697084567 -0.0007183648945623955 -0.0005414331404434084 0.0007181807757237757 0.9999991952080853 0.014621110645052227 0.14651882954289874 -0.14847767956561597
FixedParameters: 0 0 0
#Transform 46
Transform: MatrixOffsetTransformBase_double_3_3
Parameters: 0.9999997037113729 0.0001361403763329033 0.0005129287255227978 -0.00013607886130903536 0.9999992833038398 -0.0008418301865134037 -0.0005125609075887357 0.0008416769348937869 0.9999990330194852 0.012717423849110787 -0.01947605059845614 -0.05959569304555146
FixedParameters: 0 0 0
#Transform 47
Transform: MatrixOffsetTransformBase_double_3_3
Parameters: 0.9999998505268429 0.000039479423283129284 0.00038459679683636064 -0.000039113010610556396 0.9999997715610978 -0.00047634420982706205 -0.00038463424680133915 0.00047631401726511147 0.9999996251863431 0.014730826561105914 -0.18110930730482266 -0.03653393739725175
FixedParameters: 0 0 0
#Transform 48
Transform: MatrixOffsetTransformBase_double_3_3
Parameters: 0.9999997145254557 0.0001378841732366967 0.0005162001510709035 -0.00013727310955289652 0.9999996308588545 -0.0005918536049899781 -0.0005163630024031488 0.0005917115901242775 0.9999993832524983 0.014539962392930761 -0.07211454965683117 -0.05178392655008679
FixedParameters: 0 0 0
#Transform 49
Transform: MatrixOffsetTransformBase_double_3_3
Parameters: 0.9999998531591179 0.000016170881303595236 0.0003604055327787465 -0.00001730879942942105 0.9999998869152202 -0.0003618456317648344 -0.00036062269607270415 0.00036182577603122157 0.9999997375752561 0.019640115965273708 0.04198933410677341 -0.19054960602144888
FixedParameters: 0 0 0
#Transform 50
Transform: MatrixOffsetTransformBase_double_3_3
Parameters: 0.999999727652118 0.00039582735175311217 0.00034010055536433316 -0.0003960147807068799 0.9999997672586848 0.00027553021730925 -0.00033988228015845254 -0.0002757994571467304 0.9999998084114405 0.01634763972755593 -0.0200021519441691 -0.21075501010025732
FixedParameters: 0 0 0
#Transform 51
Transform: MatrixOffsetTransformBase_double_3_3
Parameters: 0.9999994420149201 0.0005271872606326927 0.000514866244218808 -0.0005278328689797337 0.9999997091286443 -0.00015190829339317702 -0.000514429252314231 0.000151351605652994 0.9999997166147689 0.008719711427247034 -0.08172289989062165 -0.08852241466969701
FixedParameters: 0 0 0
#Transform 52
Transform: MatrixOffsetTransformBase_double_3_3
Parameters: 0.9999993923888547 -0.000046854168249216245 0.000767271340315354 0.00004690386506889764 0.99999899264582 -0.0009488272537684361 -0.0007673955077717976 0.0009495628269820533 0.9999996310270498 0.00954146859956495 0.12289708744671657 -0.04582539230764837
FixedParameters: 0 0 0
#Transform 53
Transform: MatrixOffsetTransformBase_double_3_3
Parameters: 0.9999995038118442 0.00012798394227920098 0.0006926819630527739 -0.00012740760922698674 0.9999998106542164 -0.00041606318272852105 -0.000692788223934799 0.00041588629500755037 0.9999993470868355 -0.0024254302349220325 -0.03520316870785223 -0.08747876344587269
FixedParameters: 0 0 0
#Transform 54
Transform: MatrixOffsetTransformBase_double_3_3
Parameters: 0.9999996574345219 0.00005459220093325312 0.0005827395087556783 -0.00005418776501018435 0.9999998766329495 -0.00034702585791968055 -0.0005827772758747072 0.00034696249141924485 0.999999539990958 0.011137797049741494 -0.10107945203733948 -0.1158556048497843
FixedParameters: 0 0 0
#Transform 55
Transform: MatrixOffsetTransformBase_double_3_3
Parameters: 0.9999996574345219 0.00005459220093325312 0.0005827395087556783 -0.00005418776501018435 0.9999998766329495 -0.00034702585791968055 -0.0005827772758747072 0.00034696249141924485 0.999999539990958 -0.0006131516356759903 -0.05519034732201078 -0.08311576315908553
FixedParameters: 0 0 0
#Transform 56
Transform: MatrixOffsetTransformBase_double_3_3
Parameters: 0.9999994237435144 0.0001701633076455879 0.0007397978613560411 -0.00017035882845818813 0.9999999535468733 0.00013203251324961363 -0.0007397528836223524 -0.00013228443248719524 0.9999994352643182 -0.006122996755294707 -0.07590206259749266 -0.12985846151322278
FixedParameters: 0 0 0
#Transform 57
Transform: MatrixOffsetTransformBase_double_3_3
Parameters: 0.9999994130514127 0.00032535170442464924 0.0006936098578595364 -0.00032549815851488505 0.99999988295006 0.00010536745152267546 -0.0006935411543235355 -0.00010581887268962253 0.999999507801243 0.0263352581104499 -0.05810624913888773 -0.15264619186896766
FixedParameters: 0 0 0
#Transform 58
Transform: MatrixOffsetTransformBase_double_3_3
Parameters: 0.9999994499017755 0.00015470339780797988 0.0007137185118113599 -0.00015439714409189176 0.9999991155316781 -0.001183295411102403 -0.0007143150925816143 0.0011827805310355433 0.9999995679980027 0.03429979153406748 0.0724800274597186 -0.1491636911647447
FixedParameters: 0 0 0
#Transform 59
Transform: MatrixOffsetTransformBase_double_3_3
Parameters: 1.000000001996079 0.0003245881931801494 0.0009446675470131147 -0.00032377153344653764 0.9999995700789438 -0.0004501845373770519 -0.0009449526154724128 0.0004502431727056444 1.0000000270246288 0.02347069915643374 0.05140843807873807 -0.12027937863787486
FixedParameters: 0 0 0
#Transform 60
Transform: MatrixOffsetTransformBase_double_3_3
Parameters: 0.9999994451218848 0.00016161529299628169 0.0007271337091696096 -0.0001613926397158131 0.9999994693214593 -0.00016040595828437088 -0.0007271963431439751 0.00015988444523662437 0.9999999245587061 0.025532640129853235 -0.08078720058229294 0.007378221801658924
FixedParameters: 0 0 0
#Transform 61
Transform: MatrixOffsetTransformBase_double_3_3
Parameters: 0.9999994439888207 0.00016198877655501957 0.0007278535427533463 -0.0001618349615678293 0.9999999626212971 -0.00010576917638116523 -0.0007278877802130558 0.00010553348273029117 0.9999994590425261 0.029531186722778102 -0.10384143984271077 -0.033719831292543745
FixedParameters: 0 0 0
#Transform 62
Transform: MatrixOffsetTransformBase_double_3_3
Parameters: 0.9999998917708475 0.000049887228088721066 0.0003251777201886529 -0.000050266656933313286 0.9999996570512513 0.0005834623554145657 -0.00032511929340749276 -0.0005834949629717756 0.9999995538243038 0.03802660748209519 -0.10180312147723214 -0.15005523365745432
FixedParameters: 0 0 0
#Transform 63
Transform: MatrixOffsetTransformBase_double_3_3
Parameters: 0.9999998167453742 0.000005292383280529767 0.0004256138221983303 -0.0000054518705311979755 0.9999997438998953 -0.0005136151731846006 -0.0004264213701252132 0.0005136165560998829 0.9999995487127453 0.03668125520462695 -0.037551425498790536 -0.20621047969692086
FixedParameters: 0 0 0
#Transform 64
Transform: MatrixOffsetTransformBase_double_3_3
Parameters: 0.999999862137792 -0.00003653774953747929 0.00036949617414874314 0.00003691651687048273 0.9999997359190711 -0.0005125547285582122 -0.00036945853820003643 0.00051258190627268 0.9999996007654586 0.03941989898841314 0.08931964602405174 -0.09659518732240713
FixedParameters: 0 0 0
#Transform 65
Transform: MatrixOffsetTransformBase_double_3_3
Parameters: 0.9999998589249895 -0.00003402662163017262 0.00037405537156218996 0.00003414602712924035 0.9999999733616259 -0.00015959523475866932 -0.0003740445049010253 0.00015962074680492266 0.9999998346134408 0.03959762799172495 0.13747841869121658 -0.03403089697451378
FixedParameters: 0 0 0
#Transform 66
Transform: MatrixOffsetTransformBase_double_3_3
Parameters: 0.9999998655214689 -0.0000392604045884534 0.0003645656237097495 0.000039901950365657654 0.9999987201955182 -0.0008941538674522298 -0.0003645057458083081 0.0008938961461326667 0.9999995468145446 0.037247528730205204 -0.055866200877318306 -0.055880042501058824
FixedParameters: 0 0 0
#Transform 67
Transform: MatrixOffsetTransformBase_double_3_3
Parameters: 0.9999998990750153 0.00003560841738113325 0.000315685232790629 -0.0000352836095266788 0.9999997341182317 -0.0005144230981275477 -0.00031572171213879036 0.000514400755324218 0.9999996357170208 0.03165125754368603 -0.20551435082680314 -0.03185219599988898
FixedParameters: 0 0 0
#Transform 68
Transform: MatrixOffsetTransformBase_double_3_3
Parameters: 0.9999998412597321 -0.000056868352778076565 0.0003756826584840234 0.000056847386796950216 0.9999999958469619 -0.0010055353256999688 -0.00037498630903537466 0.0010055645403769242 0.9999998524166573 0.030793855443477014 -0.03185454986804359 -0.02831728322877325
FixedParameters: 0 0 0
#Transform 69
Transform: MatrixOffsetTransformBase_double_3_3
Parameters: 1.0000002519971476 -0.00007586053269075985 0.0008516927504173455 0.00007553888662044264 0.9999995932477349 -0.0006474782957386349 -0.0008517848214602153 0.0006475992901843197 0.999998853764203 0.028825848295042533 0.16726096390375744 -0.15904284115725886
FixedParameters: 0 0 0
#Transform 70
Transform: MatrixOffsetTransformBase_double_3_3
Parameters: 0.9999995522198643 0.0002196245188920661 0.0006203900095132356 -0.00021955444707263917 0.9999994682960567 -0.000702898306686961 -0.0006201016883889991 0.0007026122248769973 0.9999991259044696 0.020873830175560215 0.07175017361710445 -0.053844677846868194
FixedParameters: 0 0 0
#Transform 71
Transform: MatrixOffsetTransformBase_double_3_3
Parameters: 0.9999999128465142 -0.00031238273829102114 0.000052619080305507096 0.000312746455607674 0.9999993156752323 -0.0012584622220925268 -0.00005324632147424768 0.00125851525514048 0.9999994028945625 0.047663369523078813 -0.025319595499425418 -0.02077578964171778
FixedParameters: 0 0 0
#Transform 72
Transform: MatrixOffsetTransformBase_double_3_3
Parameters: 0.99999960543526 0.00019278589035661244 0.0005834291340015387 -0.00019308076994314438 0.9999989511237268 -0.0009523919231849698 -0.0005840098682278565 0.0009528303147414152 0.999999872602982 0.012589177419599196 -0.06758698656361162 -0.16344391818492454
FixedParameters: 0 0 0
#Transform 73
Transform: MatrixOffsetTransformBase_double_3_3
Parameters: 0.999999564903997 0.00028054414826913805 0.0005949882448047813 -0.0002807936707867522 0.9999998437837789 -0.0002920097194576421 -0.0005959541011193237 0.00029168140271296217 0.999999554242651 0.012434915294463167 -0.12158280845534364 -0.15488020964492932
FixedParameters: 0 0 0
#Transform 74
Transform: MatrixOffsetTransformBase_double_3_3
Parameters: 0.9999994574719812 0.00026143855591760894 0.0006778769503813869 -0.0002617566914072348 0.9999998146629269 -0.00035695925523415717 -0.0006774666581794652 0.00035659099212254075 0.9999994179432188 0.009016982516811822 0.024088533293749492 -0.14207903126083465
FixedParameters: 0 0 0
#Transform 75
Transform: MatrixOffsetTransformBase_double_3_3
Parameters: 0.9999996060162817 0.0001933145532845939 0.0005847663044999511 -0.00019319242001306688 0.9999993487643991 -0.0007902262089612977 -0.0005844747287425654 0.0007899865726256894 0.999999038425937 0.008649651275476344 0.07307162850749194 -0.13976612427005364
FixedParameters: 0 0 0
#Transform 76
Transform: MatrixOffsetTransformBase_double_3_3
Parameters: 0.9999991186360655 -0.00007895436396614737 0.0009354652479939573 0.00007972065021425779 0.9999993424713061 -0.00041513853297059367 -0.0009354103030733687 0.0004150003499856503 0.9999994316495233 -0.016078386042778448 0.09272069683797213 -0.08702576734766865
FixedParameters: 0 0 0
#Transform 77
Transform: MatrixOffsetTransformBase_double_3_3
Parameters: 0.9999996651893202 -0.00015065228850718584 0.0005457909675520816 0.0001510196875201108 0.9999993900886737 -0.0010576224758037656 -0.0005449008179836323 0.001057486883466019 1.0000000675728795 0.009561433486723558 0.016608646393834192 0.044200818626862315
FixedParameters: 0 0 0
#Transform 78
Transform: MatrixOffsetTransformBase_double_3_3
Parameters: 0.9999997051618568 -0.00002349623051513456 0.0005424816203237909 0.000024091768278165435 0.9999996981256309 -0.0005488968875576594 -0.0005424555194239651 0.0005489227433911337 0.9999994044312236 0.061182779311536706 -0.2007425629930708 -0.016099348024908977
FixedParameters: 0 0 0
#Transform 79
Transform: MatrixOffsetTransformBase_double_3_3
Parameters: 0.9999994362218746 -0.00002664381429938489 0.0007503788066080637 0.000026968798168380175 0.9999999523879788 -0.00021652320551873716 -0.0007503672251709945 0.00021656345156456647 0.9999993900508929 0.008637755780398493 -0.11165944046250331 -0.1131326869809044
FixedParameters: 0 0 0
#Transform 80
Transform: MatrixOffsetTransformBase_double_3_3
Parameters: 0.9999998506707922 0.00003081281745278197 0.00038520118043046435 -0.00003093514821583972 0.9999999738320041 0.00015878532659080458 -0.00038519138869298405 -0.00015880912305349382 0.9999998264052645 0.06125074709085254 0.026272737768110233 -0.25158460409225825
FixedParameters: 0 0 0
#Transform 81
Transform: MatrixOffsetTransformBase_double_3_3
Parameters: 0.999999380435019 -0.00013806890607163426 0.0007749207171939617 0.0001383913055658648 0.9999999376150126 -0.0002079192795430007 -0.0007748632362735487 0.00020813352250725892 0.9999993562688474 0.0041142077790397025 0.0876836651092816 -0.2196255051578504
FixedParameters: 0 0 0
#Transform 82
Transform: MatrixOffsetTransformBase_double_3_3
Parameters: 0.9999997677881054 -0.00008011661657096754 0.0004751773394062683 0.00008055907428147335 0.9999997767520871 -0.0004655672897902474 -0.000475102546605785 0.00046564366793938605 0.9999995574582115 0.05540066455588999 -0.035373185361677884 -0.06888892499904387
FixedParameters: 0 0 0
#Transform 83
Transform: MatrixOffsetTransformBase_double_3_3
Parameters: 0.9999994049277522 -0.00008463954618197016 0.0007574851214095168 0.00008566457563151842 0.9999995885142923 -0.0011892453963047722 -0.0007567005901776356 0.0011893608799075084 0.9999990167917217 0.009022374955847567 -0.03270897883560053 -0.11493493904400509
FixedParameters: 0 0 0
#Transform 84
Transform: MatrixOffsetTransformBase_double_3_3
Parameters: 0.9999994907123033 -0.0001873820547442413 0.0006886043437002547 0.00018831093279517044 0.9999995096372791 -0.0006744582064901472 -0.0006883509335429245 0.0006747169132424458 0.9999990709362779 0.03954808945191246 0.05896521468960714 -0.02695029644139879
FixedParameters: 0 0 0
#Transform 85
Transform: MatrixOffsetTransformBase_double_3_3
Parameters: 0.9999998220980577 -0.00019750923548798784 0.0003729637403561974 0.00019824541896813286 0.999999691123372 -0.0009558603465498194 -0.00037260337567282574 0.0009550501249812604 0.9999993047427924 0.009680105353680801 -0.10213157877907975 -0.05903777563200663
FixedParameters: 0 0 0
#Transform 86
Transform: MatrixOffsetTransformBase_double_3_3
Parameters: 0.9999996989920324 -0.00008010896570394038 0.000540804693030434 0.00008041826751848161 0.9999992998738159 -0.0008374556822600132 -0.0005414722858802267 0.0008375485336966082 0.9999989997671854 0.04383370167566625 -0.1988077927603058 -0.12898614584203472
FixedParameters: 0 0 0
#Transform 87
Transform: MatrixOffsetTransformBase_double_3_3
Parameters: 0.9999996000122184 -0.00007435816407728568 0.0006166136273110651 0.00007475781858314262 0.9999996001964571 -0.0009621373827525259 -0.0006158990597024672 0.0009619291614070824 1.0000001781161691 0.04513032128085115 -0.037890344618716654 -0.1527869755229716
FixedParameters: 0 0 0
#Transform 88
Transform: MatrixOffsetTransformBase_double_3_3
Parameters: 0.9999993606514694 -0.00014243792322610454 0.0007778123189228834 0.0001438683981762588 0.9999989757059383 -0.0014190514557172462 -0.0007768240187462302 0.0014192605717202045 0.9999983861962731 0.04003023292465002 0.168121334089804 -0.2311384026474741
FixedParameters: 0 0 0
#Transform 89
Transform: MatrixOffsetTransformBase_double_3_3
Parameters: 0.9999992418103624 -0.0002096376238422792 0.0008367961968246806 0.00021039350196930436 0.9999996373204558 -0.0009218400908190261 -0.0008358378810488095 0.0009218912527263479 0.9999999341323282 0.033330190820322514 0.08061393616952728 -0.09085718573443557
FixedParameters: 0 0 0
#Transform 90
Transform: MatrixOffsetTransformBase_double_3_3
Parameters: 0.9999993443801732 -0.00009063519092227662 0.0008046149259394624 0.00009117874065433769 0.9999998776370955 -0.00033770628135398884 -0.0008045535437040405 0.000337852591649368 0.9999992385519166 0.03007496805014398 -0.1405481780753206 -0.040587309225585955
FixedParameters: 0 0 0
#Transform 91
Transform: MatrixOffsetTransformBase_double_3_3
Parameters: 0.9999996056054891 0.00021420910333805917 0.000590346485312692 -0.0002140777178398852 0.9999999417623799 -0.00011138806124255662 -0.0005903941566416191 0.00011113522185990377 0.9999996390844623 0.033051297476760055 -0.1738033746811567 -0.13700456803513816
FixedParameters: 0 0 0
#Transform 92
Transform: MatrixOffsetTransformBase_double_3_3
Parameters: 0.999999512295644 0.00010157270719387212 0.0006909322729410313 -0.00010107554607138402 0.9999998603106035 -0.00035981833395271057 -0.0006910051999126899 0.0003596783372264434 0.9999993931465146 0.03418544904462806 0.025653668934637608 -0.166445275013686
FixedParameters: 0 0 0
#Transform 93
Transform: MatrixOffsetTransformBase_double_3_3
Parameters: 0.9999998523243762 0.000047333389038181975 0.0010622245296097645 -0.00004744963963231475 0.9999995097306267 -0.0006194038649688927 -0.0010624814766750461 0.0006199665839341506 0.9999996082483738 0.02660418852688906 0.15307065090576089 -0.1311633092669524
FixedParameters: 0 0 0
#Transform 94
Transform: MatrixOffsetTransformBase_double_3_3
Parameters: 0.9999992887764135 -0.0001595268185180306 0.0008280954427396449 0.00015988099854614274 0.999999447120622 -0.00022006691364118147 -0.0008280360681469368 0.00022004477635972908 0.9999997448570501 0.035771554076063694 -0.11766909724603636 -0.10649716529081843
FixedParameters: 0 0 0
#Transform 95
Transform: MatrixOffsetTransformBase_double_3_3
Parameters: 0.9999995790053418 0.00008272402802832657 0.0006435460424650606 -0.0000821499383048558 0.9999997942806587 -0.00044605587195656327 -0.0006436195998615021 0.0004459497951194158 0.9999993868867688 0.032352889811974705 -0.20879326001043808 -0.14703799525015881
FixedParameters: 0 0 0
#Transform 96
Transform: MatrixOffsetTransformBase_double_3_3
Parameters: 0.9999995598354116 -0.00015712455517002955 0.0006447381150588511 0.00015829691630767952 1.000000184149187 -0.0008891682684976643 -0.0006444726067364609 0.0008893718509346282 0.9999997936364065 0.04124447853631352 0.0021409586495337862 -0.12935243508837857
FixedParameters: 0 0 0
#Transform 97
Transform: MatrixOffsetTransformBase_double_3_3
Parameters: 0.999999573515733 0.00014882346528953387 0.0006358741194047229 -0.00014793763083097524 0.9999994929670115 -0.0006965196515661964 -0.0006360808138319504 0.0006963309696718101 0.9999991105309171 0.03490421503961727 0.06306324069835512 -0.07144459100521772
FixedParameters: 0 0 0
#Transform 98
Transform: MatrixOffsetTransformBase_double_3_3
Parameters: 0.9999995448112171 0.00012895281158217852 0.0006511448750304355 -0.00012888033966733923 0.9999995428881272 -0.0006715617288266529 -0.0006507210480828341 0.0006713802116790624 0.9999991298870349 0.03524320363939637 0.06513644707543165 -0.14235217879775064
FixedParameters: 0 0 0
#Transform 99
Transform: MatrixOffsetTransformBase_double_3_3
Parameters: 0.9999993463022594 -0.00006887570476254686 0.0008055767828417445 0.00006933318582736628 0.9999999145942029 -0.0002838934956044259 -0.0008055375690830657 0.0002840048524397343 0.9999992704526166 0.03285895800244987 0.0593727077395414 -0.10485726244307614
FixedParameters: 0 0 0
#Transform 100
Transform: MatrixOffsetTransformBase_double_3_3
Parameters: 0.9999992446983699 -0.000022130537409268975 0.0008687791170175737 0.00002241845747626278 0.9999994911064441 -0.00017172993297359662 -0.0008687823851191963 0.00017148200454231155 0.9999996947453136 0.02819063489513951 -0.09429683908518882 -0.0060522389950676825
FixedParameters: 0 0 0
#Transform 101
Transform: MatrixOffsetTransformBase_double_3_3
Parameters: 0.9999993460385185 -0.00007356451411782397 0.0007965169060202594 0.00007436011761114379 1.0000000308262873 -0.0009868183930646923 -0.0007957889368358252 0.000986922696285808 0.9999993966489122 0.02083097455516736 -0.07742345113598503 -0.028877992199284108
FixedParameters: 0 0 0
#Transform 102
Transform: MatrixOffsetTransformBase_double_3_3
Parameters: 0.9999991237091979 -0.00010309990239994226 0.0009392900413951386 0.00010399416981154335 0.9999994229684811 0.00026309636092625155 -0.0009391504161946188 -0.0002631807045090362 0.9999995291257493 -0.0012488965131325358 -0.033839842769324946 -0.1025252364025846
FixedParameters: 0 0 0
#Transform 103
Transform: MatrixOffsetTransformBase_double_3_3
Parameters: 0.9999993942657737 -0.00008970141589031977 0.0007716135994532611 0.00008993863268989995 0.9999997076429497 -0.000540315449847506 -0.0007723185670651237 0.0005404600882780719 0.999999106054032 0.006683087336583071 0.024210312526051325 -0.14495740336846552
FixedParameters: 0 0 0
#Transform 104
Transform: MatrixOffsetTransformBase_double_3_3
Parameters: 0.9999992213149331 -0.0000067856087999089605 0.0008823853851349693 0.00000793118664754646 0.9999990920356037 -0.0006550840211133613 -0.00088238666024112 0.0006548104109016517 0.999999271417238 0.006389218673106711 0.04142300975313162 -0.1267631479159519
FixedParameters: 0 0 0
#Transform 105
Transform: MatrixOffsetTransformBase_double_3_3
Parameters: 0.9999992299209327 0.00023938445111756196 0.0008342033836763584 -0.00023891840013706548 0.9999997469565165 -0.0011019268164220164 -0.0008349503666745272 0.0011015200979495043 0.9999990881091192 -0.0006082345504125897 0.07891415005090607 -0.12506540420855572
FixedParameters: 0 0 0
#Transform 106
Transform: MatrixOffsetTransformBase_double_3_3
Parameters: 0.9999997211887595 0.00016532496225914444 0.001111049071726843 -0.0001642060119682561 0.9999997078297198 -0.0011329419329085266 -0.0011116274258163676 0.0011325679833631974 0.9999984802710458 -0.006702779857974406 0.09225134744285413 -0.12998110628052473
FixedParameters: 0 0 0
#Transform 107
Transform: MatrixOffsetTransformBase_double_3_3
Parameters: 0.999999517084896 -0.00016327431443064725 0.0006754447882731072 0.00016305602089545395 0.9999994707194226 0.000153955083559143 -0.0006755059464379275 -0.0001540213111318467 0.9999999989914873 0.004752618324999958 -0.12250120719772895 -0.06661118717920544
FixedParameters: 0 0 0
#Transform 108
Transform: MatrixOffsetTransformBase_double_3_3
Parameters: 0.9999993763962207 0.00016202612088459596 0.0007728850003673056 -0.00016240913327951077 0.9999999122818448 0.00024767775789769075 -0.0007728046306232032 -0.00024792851384147774 0.9999993413008732 0.048268161850572255 -0.16996561430794088 -0.05852703099522216
FixedParameters: 0 0 0
#Transform 109
Transform: MatrixOffsetTransformBase_double_3_3
Parameters: 0.999999439003877 0.00019531070053462464 0.0007232346340014259 -0.00019366285332582693 0.9999997054620422 -0.001121092310266747 -0.0007236856407796387 0.001120811179591119 0.9999992200275403 0.0005709559371496198 0.051274648494512576 -0.1843466376808749
FixedParameters: 0 0 0
#Transform 110
Transform: MatrixOffsetTransformBase_double_3_3
Parameters: 0.9999995991746472 0.0000019629882079259635 0.0006313311299539623 -0.0000022540479281856537 0.9999999490552293 -0.00024222430701908992 -0.0006321341881231931 0.00024222758340997075 0.9999995362422791 0.04186197026899663 0.11309738233778432 -0.14280587846559456
FixedParameters: 0 0 0
#Transform 111
Transform: MatrixOffsetTransformBase_double_3_3
Parameters: 0.9999994039616048 0.00016864446841715415 0.0007533670255685312 -0.00016781598988871438 0.99999918296411 -0.00055685021049523 -0.0007535652000993129 0.000556310095116308 0.9999996014852508 0.043320516921980357 0.016713150516807218 -0.08144488537431016
FixedParameters: 0 0 0
#Transform 112
Transform: MatrixOffsetTransformBase_double_3_3
Parameters: 0.9999996536750553 0.00004361903927966324 0.0005868751981230635 -0.00004335381487649841 0.999999947051893 -0.00022597809867302976 -0.0005868948711293617 0.00022592707266377854 0.9999996045133679 0.043198978989124726 -0.08385928047766811 0.0038699352295736844
FixedParameters: 0 0 0
#Transform 113
Transform: MatrixOffsetTransformBase_double_3_3
Parameters: 0.9999999920671008 -0.0004040253100297188 0.0009114134559765686 0.0004045544640879908 0.9999994676406304 -0.0007376168943891703 -0.0009102339693118559 0.0007370950260334741 0.9999994668057174 0.05522263802558314 -0.03003211739948597 -0.1431080460618972
FixedParameters: 0 0 0
#Transform 114
Transform: MatrixOffsetTransformBase_double_3_3
Parameters: 0.9999998163593365 -0.00016269521268926748 0.00039891005297917567 0.00016258977605302836 0.999999189393959 0.0008812126597548264 -0.0003983946805107715 -0.0008810889704589098 0.99999907063958 0.07006463035396848 -0.11383264160309636 -0.18250165211001956
FixedParameters: 0 0 0
#Transform 115
Transform: MatrixOffsetTransformBase_double_3_3
Parameters: 0.9999995572248339 0.001200099486280898 -0.000011212292031148423 -0.001200681801428907 0.9999996028439193 0.00029337830820047595 0.000011123492594769047 -0.0002940169692499661 0.9999997852915805 0.06437633227393746 -0.17784479325831626 -0.04929812864362759
FixedParameters: 0 0 0
#Transform 116
Transform: MatrixOffsetTransformBase_double_3_3
Parameters: 0.9999999597198336 0.0000573093454473005 0.0001929203442400597 -0.000056733714963483166 0.9999989685433115 -0.0014240967655185788 -0.00019309771965958858 0.0014240750527647061 0.9999989346851494 0.07084741107276216 0.1302703335993982 -0.09629180603802467
FixedParameters: 0 0 0
#Transform 117
Transform: MatrixOffsetTransformBase_double_3_3
Parameters: 0.9999995741984744 0.00024527038312019715 0.0006046849785117929 -0.0002454691148287937 0.9999999127845477 0.0001642022014897715 -0.0006046043445251644 -0.00016449893636294455 0.9999996073913884 0.05833918482420586 0.050130526060527814 -0.1283592425918556
FixedParameters: 0 0 0
#Transform 118
Transform: MatrixOffsetTransformBase_double_3_3
Parameters: 0.9999995768595051 0.0003415437144622148 0.0005536138019944412 -0.0003413900640203149 0.9999998641498016 -0.00013893076573684437 -0.0005537085701307184 0.00013855266210766048 0.999999674211085 0.05670994917443295 -0.11019966002939441 -0.14525237833741755
FixedParameters: 0 0 0
#Transform 119
Transform: MatrixOffsetTransformBase_double_3_3
Parameters: 0.9999993778528261 0.00042472325064846846 0.0006646480097415803 -0.0004243339110768301 0.9999997340292033 -0.00029310165535667565 -0.0006648966503566697 0.0002925372470857779 0.9999994723369738 0.05378426635854794 -0.02567230737415116 -0.09927976971583519
FixedParameters: 0 0 0
#Transform 120
Transform: MatrixOffsetTransformBase_double_3_3
Parameters: 0.9999993428671865 0.0005562814657010479 0.0005792144063747986 -0.0005549659196183165 0.9999990301581116 -0.0012901355797702574 -0.0005792636839180435 0.0012894725334193224 0.9999990113120305 0.05552841413641829 0.06849466510452373 -0.09756898564992866
FixedParameters: 0 0 0
#Transform 121
Transform: MatrixOffsetTransformBase_double_3_3
Parameters: 0.9999990176931065 0.000731018976692165 0.0006600137972834225 -0.0007301453279921124 0.9999996522654306 -0.000807473377120338 -0.0006597812007023817 0.0008077342228251516 0.9999990871636266 0.043240948513954436 0.04806788081950231 -0.06588765579701317
FixedParameters: 0 0 0
#Transform 122
Transform: MatrixOffsetTransformBase_double_3_3
Parameters: 0.9999995060935462 0.0005576091963172911 0.0004277592635754414 -0.0005573269422960412 0.9999995804906089 -0.00032998896383035214 -0.00042812692431004823 0.00032951185859853016 0.9999997081325716 0.04488012318749668 -0.1306069966912844 -0.043897940929753076
FixedParameters: 0 0 0
#Transform 123
Transform: MatrixOffsetTransformBase_double_3_3
Parameters: 0.9999991249008027 0.0008326925649532182 0.0004262875828432164 -0.0008325878374194438 0.999999291637568 -0.000123120834374435 -0.0004264920291316568 0.0001224107840513966 0.9999998031212142 0.021361553809782663 -0.1551069328524619 -0.1314356349361958
FixedParameters: 0 0 0
#Transform 124
Transform: MatrixOffsetTransformBase_double_3_3
Parameters: 0.9999992564635799 0.0007567028150904181 0.0004104369083950195 -0.0007573451034684534 0.999999909039456 0.00006735868451940297 -0.00041112581382972283 -0.00006768806537627015 0.999999341725146 0.006756656074855982 -0.034640307111885704 -0.17915205891799246
FixedParameters: 0 0 0
#Transform 125
Transform: MatrixOffsetTransformBase_double_3_3
Parameters: 0.999999972538218 0.0009188498405027282 0.00039383033042775586 -0.0009186927766322299 0.999998508507379 -0.0014628777850355656 -0.00039451115500986167 0.0014624068402147583 0.9999982412830613 0.02243092483021769 0.08787481919560491 -0.27340666944121494
FixedParameters: 0 0 0
#Transform 126
Transform: MatrixOffsetTransformBase_double_3_3
Parameters: 0.9999999562656977 0.0009053989735518541 0.00044297390944201664 -0.0009048110739680211 0.9999980688189509 -0.0017681337047730228 -0.0004441928460433718 0.0017672976572351007 0.9999986933120113 0.03777941150738684 0.09065652976421745 -0.10861907043164365
FixedParameters: 0 0 0
#Transform 127
Transform: MatrixOffsetTransformBase_double_3_3
Parameters: 0.9999995940186704 0.0009244156015886954 0.0007321527318181389 -0.0009241005064463917 0.9999989068952804 -0.0007786954559334536 -0.0007329770801687218 0.0007782854432344943 0.9999995051814288 0.040628723742671013 -0.005001010576663134 -0.0718395952169999
FixedParameters: 0 0 0
#Transform 128
Transform: MatrixOffsetTransformBase_double_3_3
Parameters: 0.9999990328213438 0.0008401437958763939 0.0005112100792363742 -0.0008399208606380787 0.9999992468485617 -0.0002183622972207755 -0.000511576230394165 0.00021750313874446814 0.999999690984154 0.03361851623202483 -0.13735962497021603 -0.11360356724489407
FixedParameters: 0 0 0
#Transform 129
Transform: MatrixOffsetTransformBase_double_3_3
Parameters: 0.9999999482468006 0.0008643762268305266 0.0005404693499110589 -0.0008635487434333704 0.9999998419990861 -0.0009454056221656071 -0.0005406925014368126 0.0009447385967970567 0.9999993461161997 0.0330529445493255 -0.1234308123732859 -0.17265889754398245
FixedParameters: 0 0 0
#Transform 130
Transform: MatrixOffsetTransformBase_double_3_3
Parameters: 0.9999996141130678 0.0011318589402556983 0.00028134740565510796 -0.0011312020923617998 0.9999978700721772 -0.0018260180543681614 -0.00028268545248424904 0.0018256274925947391 0.9999981287615374 0.040013280143611496 0.10968930900907026 -0.1581202822830079
FixedParameters: 0 0 0
#Transform 131
Transform: MatrixOffsetTransformBase_double_3_3
Parameters: 0.9999989173989456 0.0013217598543302598 0.0005546191860423908 -0.0013208923308226815 0.9999975038029649 -0.0016630218948531783 -0.000557030994734824 0.0016615199638568279 0.9999989428080267 0.015489632420639055 0.07500788747709919 -0.08734806609741952
FixedParameters: 0 0 0
#Transform 132
Transform: MatrixOffsetTransformBase_double_3_3
Parameters: 0.999998889876122 0.001397361224390873 0.00037655990820047516 -0.0013976464795916784 0.9999990861830038 -0.0006713066367216025 -0.0003778272649051816 0.0006705253363069597 0.9999999330982269 0.01158988457765986 -0.1303541500543588 -0.07155962211946587
FixedParameters: 0 0 0
#Transform 133
Transform: MatrixOffsetTransformBase_double_3_3
Parameters: 0.99999998625738 0.0008710467331644227 0.0004923934786881718 -0.0008702751468209989 0.999999762152691 -0.0009807992085020256 -0.0004926909876366318 0.0009802085944027317 0.9999993275198684 -0.0032194583446880642 -0.11331809650749847 -0.1522999240198999
FixedParameters: 0 0 0
#Transform 134
Transform: MatrixOffsetTransformBase_double_3_3
Parameters: 0.9999999693486263 0.0006460866674932965 0.0007733626849812463 -0.0006455677046717646 0.9999991950289856 -0.0008689769430985095 -0.0007738703674426686 0.000868921850484039 0.9999992943256213 -0.0007340513903102419 0.02095911203454648 -0.2031678189912327
FixedParameters: 0 0 0
#Transform 135
Transform: MatrixOffsetTransformBase_double_3_3
Parameters: 0.9999990586216684 0.0006173791841383336 0.0007384563509405147 -0.0006169802762249971 0.9999993279480044 -0.0008112596761446489 -0.0007388580170558507 0.0008112922490865482 0.9999994440412783 0.05003142938684846 0.16306463622524348 -0.1406397364482217
FixedParameters: 0 0 0
#Transform 136
Transform: MatrixOffsetTransformBase_double_3_3
Parameters: 0.9999990702191541 0.0005577058626939962 0.0007866075451084852 -0.0005562058900628114 0.9999991411449867 -0.0009514276223520635 -0.0007876646373519206 0.0009515089079339956 0.9999991184820916 0.05878964117066232 0.07792232905394769 -0.007738970959181302
FixedParameters: 0 0 0
#Transform 137
Transform: MatrixOffsetTransformBase_double_3_3
Parameters: 0.9999994837778301 0.0005074092308583983 0.000493756870867191 -0.0005073501578676885 0.9999993539266734 -0.0008690691416321505 -0.000494039243721807 0.0008695123000703742 0.9999996482240883 0.05752845700385478 -0.12613736026305844 -0.012490025131668858
FixedParameters: 0 0 0
#Transform 138
Transform: MatrixOffsetTransformBase_double_3_3
Parameters: 0.9999994300050625 0.0006411372436597408 0.0003986769410296077 -0.0006404276331768296 0.9999991609263634 -0.0008858408477396273 -0.0003998097148963642 0.0008862872730860949 0.9999996988534074 0.05823769700009507 -0.12498846637726047 -0.19140826405387656
FixedParameters: 0 0 0
#Transform 139
Transform: MatrixOffsetTransformBase_double_3_3
Parameters: 0.9999994148353163 0.0006686372368435547 0.0003716599117846548 -0.0006679052699070744 0.9999994550117592 -0.0009660559250544987 -0.00037293792892238936 0.0009668030641095116 0.9999990917936092 0.06248431316393521 0.010851724317035405 -0.18250462348049723
FixedParameters: 0 0 0
#Transform 140
Transform: MatrixOffsetTransformBase_double_3_3
Parameters: 0.9999995892790456 0.0005330457832260862 0.00035579238655234695 -0.0005324126042588987 0.9999992883750383 -0.0008854098193074034 -0.0003567332866446541 0.000885988317893438 0.999999731972324 0.05940752562614193 0.06929421423315318 -0.21919627907927008
FixedParameters: 0 0 0
#Transform 141
Transform: MatrixOffsetTransformBase_double_3_3
Parameters: 0.9999992833362136 0.0006441002561393128 0.0005238821441651848 -0.0006435344860583052 0.9999984204674055 -0.0014761204693444219 -0.0005238013989750834 0.0014754128627518237 0.9999985625956458 0.054008467733055454 0.12023121905853884 -0.13690216594351057
FixedParameters: 0 0 0
#Transform 142
Transform: MatrixOffsetTransformBase_double_3_3
Parameters: 0.9999992996842365 0.0006629854973119456 0.0004830390618693961 -0.0006623186695306684 0.99999803220492 -0.001702264174290924 -0.00048331148904553296 0.001702548763966194 0.9999985265980935 0.05233178226652058 0.024578986390267232 0.011429140764576573
FixedParameters: 0 0 0
#Transform 143
Transform: MatrixOffsetTransformBase_double_3_3
Parameters: 0.9999992879632648 0.0006712887151034152 0.0004988461339236788 -0.0006708944762865707 0.9999991916276199 -0.0006008897907439081 -0.0004982531969942694 0.0006002010327768037 0.9999994012675081 0.05095939238370306 -0.13226508325054454 -0.09498753375618207
FixedParameters: 0 0 0
#Transform 144
Transform: MatrixOffsetTransformBase_double_3_3
Parameters: 0.9999999813032665 0.0009684102465861743 0.00028404024089102777 -0.0009681691958749535 0.999999697937486 -0.00044713167196896997 -0.0002848781938585576 0.00044782529583364816 0.9999998832831014 0.04337401560248111 -0.1831366542922268 -0.13427520740447108
FixedParameters: 0 0 0
#Transform 145
Transform: MatrixOffsetTransformBase_double_3_3
Parameters: 0.9999992749691289 0.0012497396359693 0.00038780236450871794 -0.0012491533335047115 0.9999989104668958 -0.00100534197351132 -0.0003889038579129142 0.001004638581699635 0.9999993706815193 0.03360284904665889 0.04473181207723087 -0.1260289186656678
FixedParameters: 0 0 0
#Transform 146
Transform: MatrixOffsetTransformBase_double_3_3
Parameters: 0.9999987098127544 0.0013113264828111568 0.0007472094885874673 -0.0013098070705532842 0.9999988116344596 -0.0011444896183527842 -0.0007487957446651748 0.0011437540912045407 0.9999993063320379 0.02732363331439558 0.1524037125463451 -0.04672776145248747
FixedParameters: 0 0 0
#Transform 147
Transform: MatrixOffsetTransformBase_double_3_3
Parameters: 0.9999987432283528 0.0014137478842909546 0.0004951456772847931 -0.0014135446788720253 0.999998658934074 -0.00042562332995649266 -0.0004949211787796438 0.00042544856725346136 0.9999997487656977 0.02105466861043226 -0.08256519814466401 -0.08517724675566285
FixedParameters: 0 0 0
#Transform 148
Transform: MatrixOffsetTransformBase_double_3_3
Parameters: 0.999999587222017 0.0008271449560045222 0.000846332222267196 -0.0008267741218425534 0.9999995501571158 -0.0003544144718037323 -0.0008455012995079569 0.00035395358694345624 0.9999998128554348 0.02019746476278783 -0.2016916225988581 -0.18005494311292125
FixedParameters: 0 0 0
#Transform 149
Transform: MatrixOffsetTransformBase_double_3_3
Parameters: 0.9999997617638862 0.0008479318601737156 0.000711873669188812 -0.0008471376564849196 0.999999614374053 -0.0007111306421342389 -0.000711651501123522 0.0007111490193487668 0.9999991625816866 0.025754628640697774 0.036278948217784546 -0.23416686300087974
FixedParameters: 0 0 0
#Transform 150
Transform: MatrixOffsetTransformBase_double_3_3
Parameters: 0.9999992884285677 0.0008401067518342608 0.000995305778979758 -0.0008393187091697816 0.9999990055406893 -0.0008106334758652967 -0.000996051873261386 0.0008099054545775419 0.9999989999664811 0.03619837343016741 0.2042811725864624 -0.10440592929465708
FixedParameters: 0 0 0
#Transform 151
Transform: MatrixOffsetTransformBase_double_3_3
Parameters: 0.999998980157992 0.00044812747266177277 0.0009050029408350971 -0.0004468178037458149 0.9999996349005551 -0.0007220809563945885 -0.0009056464751376954 0.0007222288100795504 0.9999993022346816 0.03841866970861929 -0.049656143022005494 -0.08131532039816136
FixedParameters: 0 0 0
#Transform 152
Transform: MatrixOffsetTransformBase_double_3_3
Parameters: 0.9999994050612266 0.0009396614922767977 0.0008346470327797091 -0.0009392161492929273 0.999998905636475 -0.0007612419815809512 -0.0008354620262977753 0.0007606171600019196 0.999999371549747 0.024722239815019975 -0.22852678256543868 -0.06899171585729391
FixedParameters: 0 0 0
#Transform 153
Transform: MatrixOffsetTransformBase_double_3_3
Parameters: 0.9999998448580926 0.0007312475371715383 0.0007779573900518664 -0.000730990422064721 0.9999993487649714 -0.0006957240302745693 -0.0007783598615435565 0.000695530317148807 0.999999558451714 0.03526951159895475 0.0401006962588184 -0.12934489457857978
FixedParameters: 0 0 0
#Transform 154
Transform: MatrixOffsetTransformBase_double_3_3
Parameters: 0.999999189196858 0.0007950250131954985 0.00042277336659376965 -0.0007946259677765826 0.999999145954064 -0.0004718158748932555 -0.0004235228625157081 0.0004711432509374447 0.9999995986572128 0.04676048042131242 0.02694402827123099 -0.17139942107999673
FixedParameters: 0 0 0
#Transform 155
Transform: MatrixOffsetTransformBase_double_3_3
Parameters: 0.9999996084816677 0.0009202080006375541 0.000737936069956886 -0.0009189848942101643 0.9999992894584124 -0.0008370978078222624 -0.0007394469432712477 0.0008369837404709202 0.9999989181373813 0.04351925338953322 0.03500968606024912 -0.1351287657840885
FixedParameters: 0 0 0
#Transform 156
Transform: MatrixOffsetTransformBase_double_3_3
Parameters: 0.9999992572461066 0.0010608984935798072 0.0007776961164602963 -0.0010598119567656419 0.9999990107998024 -0.0008388144152516319 -0.0007780469509058175 0.0008383896470803842 0.9999988665702592 0.04220159088376363 0.06654883590069005 -0.04595382987272956
FixedParameters: 0 0 0
#Transform 157
Transform: MatrixOffsetTransformBase_double_3_3
Parameters: 0.9999991295366666 0.0008161720076978458 0.00045202371227070007 -0.0008159286722728993 0.9999992617017461 -0.0002693618456000024 -0.00045246274388325474 0.00026862375810293715 0.9999997231213655 0.05452975384619663 -0.14152192261008167 -0.08827990874360125
FixedParameters: 0 0 0
#Transform 158
Transform: MatrixOffsetTransformBase_double_3_3
Parameters: 0.9999997724816712 0.0010277728259933561 0.00039808139435794886 -0.0010268820465693118 0.999998575214363 -0.0013607786066809346 -0.000399466892087456 0.001360226350767213 0.9999985215194858 0.0432258473105378 -0.11146311224577232 -0.23855675247740749
FixedParameters: 0 0 0
#Transform 159
Transform: MatrixOffsetTransformBase_double_3_3
Parameters: 0.9999992797624382 0.00044226453149373286 0.0012276719684259346 -0.00044072436316498634 0.9999993919464236 -0.0011968928502585907 -0.0012289334079360445 0.0011958005467421207 0.9999980585031655 0.026502513033989317 0.09989981453391295 -0.18958047298185932
FixedParameters: 0 0 0
#Transform 160
Transform: MatrixOffsetTransformBase_double_3_3
Parameters: 0.9999992410171076 0.0011733070034224244 0.0005953225803077039 -0.0011728432308909709 0.9999986149253619 -0.0012257021026138015 -0.0005961900811350146 0.001224557711006935 0.9999986801051484 0.05049004817753655 0.11479919099249969 -0.03351747186496823
FixedParameters: 0 0 0
#Transform 161
Transform: MatrixOffsetTransformBase_double_3_3
Parameters: 0.9999995426513896 0.0006512621248459601 0.0010018261663451169 -0.0006493851642879204 0.9999979441096647 -0.0017352282734962032 -0.0010028861383725174 0.001734855235422994 0.9999976372078672 0.04132534310632252 -0.2130911040448069 -0.18908158080583348
FixedParameters: 0 0 0
#Transform 162
Transform: MatrixOffsetTransformBase_double_3_3
Parameters: 0.9999993317343905 0.0008560550705427369 0.0009515756637174327 -0.0008549027602499603 0.9999985549473962 -0.0014462454637856337 -0.0009528528203354783 0.0014455469183128344 0.9999986549694073 0.04152487467173671 -0.10253194211193772 -0.0710713624667818
FixedParameters: 0 0 0
#Transform 163
Transform: MatrixOffsetTransformBase_double_3_3
Parameters: 0.9999992905436913 0.0008561509149111256 0.0009880475475876793 -0.0008563936504006778 0.9999996113365592 0.00011044234867507718 -0.0009878400638356642 -0.00011117643142388722 0.9999996550914269 0.04434520005825959 0.12822696820475699 -0.07464569392371345
FixedParameters: 0 0 0
#Transform 164
Transform: MatrixOffsetTransformBase_double_3_3
Parameters: 0.9999990463603622 0.0008776478036914583 0.0010808498797171716 -0.0008774472057829117 0.9999993718452018 -0.00047509672863155217 -0.001081068191890246 0.00047414366533748975 0.9999992541395424 0.033807280243181026 -0.04145225066616831 -0.1957302367471101
FixedParameters: 0 0 0
#Transform 165
Transform: MatrixOffsetTransformBase_double_3_3
Parameters: 0.9999988026059469 0.0009380108795657947 0.0011413202260032868 -0.0009361266243889763 0.9999991084497221 -0.0011755340733614061 -0.001142922490882308 0.0011743379472743398 0.9999989629105042 0.03945555636511244 0.09975740209128503 -0.17688273284385048
FixedParameters: 0 0 0
#Transform 166
Transform: MatrixOffsetTransformBase_double_3_3
Parameters: 0.9999982928353292 0.001118137175788762 0.0012069399718259003 -0.0011181054289478283 0.9999991060903517 -0.00002387194324027231 -0.001206973696167463 0.00002213071648921039 0.9999991861288284 0.0344996964386155 0.10990925953727526 -0.15006460430728907
FixedParameters: 0 0 0
#Transform 167
Transform: MatrixOffsetTransformBase_double_3_3
Parameters: 0.999998983216119 0.0007679442057611711 0.0006534862664298591 -0.00076808896803823 0.9999993978744534 0.00011030118756816254 -0.0006533160846071023 -0.00011130484253080164 0.9999995607875458 0.060427283334817616 -0.23367002508107504 -0.03454798487987887
FixedParameters: 0 0 0
#Transform 168
Transform: MatrixOffsetTransformBase_double_3_3
Parameters: 0.9999992829744186 0.0009996423191013005 0.0008470869439712657 -0.00099912878786355 0.9999997402757839 -0.0003112120144794228 -0.0008476799322579159 0.00031076277997443835 0.9999993496628785 0.047103472960884574 -0.11282309136014135 -0.07171033052659936
FixedParameters: 0 0 0
#Transform 169
Transform: MatrixOffsetTransformBase_double_3_3
Parameters: 0.9999990253942652 0.0006212333633178466 0.0007576339618215349 -0.0006193181388231576 0.9999978397723722 -0.0017726596375735038 -0.0007592482651367157 0.0017726633562603622 0.9999979302108409 0.05744440870512335 0.2078638628772751 -0.24891157890766635
FixedParameters: 0 0 0
#Transform 170
Transform: MatrixOffsetTransformBase_double_3_3
Parameters: 0.9999986453896584 0.0010806680259492503 0.0010824505615116857 -0.0010792312548353836 0.999999135240653 -0.001032924522542833 -0.0010840803366453883 0.0010315291340680655 0.9999994088697419 0.039222565306275214 0.0629648401002072 -0.1890714272756071
FixedParameters: 0 0 0
#Transform 171
Transform: MatrixOffsetTransformBase_double_3_3
Parameters: 0.999999840097613 0.0007729739676302636 0.0007396988209057444 -0.0007725999618899148 0.9999991131544934 -0.0008105572815846895 -0.0007403367405531735 0.0008103576774997623 0.9999994434130209 0.06591741233060588 -0.03821866521997208 -0.06596813928094036
FixedParameters: 0 0 0
#Transform 172
Transform: MatrixOffsetTransformBase_double_3_3
Parameters: 0.9999987606343204 0.0011638343749857376 0.001368562242283064 -0.0011623607972500725 0.9999989659522419 -0.0006311430409914887 -0.001368594464954619 0.0006298554960291192 0.9999990267470107 0.046202838470151164 -0.023964111986458647 -0.05850750434436236
FixedParameters: 0 0 0
#Transform 173
Transform: MatrixOffsetTransformBase_double_3_3
Parameters: 0.9999999653947172 0.000578255375470112 0.0008366643846614099 -0.00057695779138439 0.9999994002586494 -0.0007892568020556601 -0.0008375584204726679 0.0007892476412265093 0.9999993197379851 0.07955264168894871 -0.08171274521795624 -0.16519761331142035
FixedParameters: 0 0 0
#Transform 174
Transform: MatrixOffsetTransformBase_double_3_3
Parameters: 0.9999993146900925 0.0007777185661536263 0.0010321722512067477 -0.000776905972951598 0.9999991336915277 -0.0007936080043506877 -0.001032790808777259 0.0007929470292878382 0.9999989525719282 0.07400363318706127 -0.03347605723628533 -0.24947297922467726
FixedParameters: 0 0 0
#Transform 175
Transform: MatrixOffsetTransformBase_double_3_3
Parameters: 0.9999987828245948 0.0010092684486619164 0.001472676150604845 -0.0010066592962208482 0.9999986538706485 -0.0014373292879679145 -0.0014743581751242949 0.0014362472584541486 0.9999980600858684 0.00008523828428508295 0.13997066686896176 -0.07757094531804398
FixedParameters: 0 0 0
#Transform 176
Transform: MatrixOffsetTransformBase_double_3_3
Parameters: 0.9999991815535645 0.0008846492429179186 0.0010103859537261201 -0.000883368603168804 0.9999991683666808 -0.0010307246237941659 -0.0010116097535915111 0.0010289235004983799 0.9999989218218746 0.025144673852238952 0.09692570592810057 -0.057847213512602025
FixedParameters: 0 0 0
#Transform 177
Transform: MatrixOffsetTransformBase_double_3_3
Parameters: 0.9999988346627565 0.0009594099334426674 0.0011156362944744554 -0.0009592314622627728 0.9999994283032116 -0.00009123034381558481 -0.0011157924844444743 0.00009004751662716748 0.9999993903704854 0.022885085459151355 -0.1720578269408719 -0.14777867111800447
FixedParameters: 0 0 0
#Transform 178
Transform: MatrixOffsetTransformBase_double_3_3
Parameters: 0.9999996141383874 0.0006358671260698048 0.0009831266801003501 -0.0006347186259726013 0.9999989563759024 -0.001003755852547028 -0.0009837871528846581 0.0010034504478994566 0.9999986734741895 0.02585659477639979 -0.05580798015785149 -0.23840229669063717
FixedParameters: 0 0 0
